7.058221301481051313e-01 -1.814636305188485732e+00
-9.331440222091396119e-01 -4.065534706084866778e-01
-7.867160948193657743e-01 1.782398123668496259e+00
2.706988551201743309e-01 1.912077424735975528e+00
1.025445618971203121e+00 -7.854102005227980854e-02
-1.238782752988073055e+00 -1.594519660067146960e+00
-2.605283402937858539e-01 -2.039453855589222542e+00
1.284875372405186011e+00 1.535725983076117851e+00
5.535957776725869417e-02 -1.478413837308484302e-02
-7.523792998536826815e-01 4.569577680673188591e-01
1.960582466224515485e+00 -3.955924607190782205e-01
5.660260062795107183e-01 -8.890003223369823404e-01
-3.349620740459303692e-01 -9.700733757860082740e-01
-1.488763160095976978e+00 1.202347971663762172e+00
7.330813474206800961e-01 7.802299177402773900e-01
-1.293577486460359416e-01 1.063766636027324575e+00
-1.848902945149427879e+00 2.113414129593703117e-01
1.902238349755520197e+00 6.670707536778066604e-01
-1.896174447709374489e+00 -7.470827150369901970e-01
1.539123914623301337e+00 -1.229554048727414806e+00
