3.574227408661254657e-01 2.808179593414410480e-01
1.253093123542216691e+00 4.970628130153652569e-01
6.457382398337487839e-01 1.139715797320753676e+00
-1.574420857004230179e+00 -1.439358358968283902e+00
-1.870155220808044083e-01 -1.353301557707669023e+00
1.836457020214689262e+00 -1.249877136368345409e+00
1.741776068624388829e-01 -2.218338474170603813e+00
1.632162450359395667e+00 1.459421743487639755e+00
-1.256549928573054364e+00 -5.222511814897973226e-02
9.911723598839037308e-01 -3.914046171272473895e-01
8.192695649982824069e-01 -1.269464378014898198e+00
-4.518470273385413183e-01 1.115584783014840764e-01
-9.097363581411368472e-01 -9.072308471087774384e-01
-8.352311758801236330e-01 1.948584707237203784e+00
-1.680094625419222387e+00 1.394029597777673324e+00
1.202979156436061015e+00 -2.009175233168869035e+00
-8.176092058480814995e-01 -2.105622712953640452e+00
2.050759073784520936e+00 -3.761170814604326562e-01
1.046345080870929312e-01 -6.016408065225785640e-01
-2.172371264554401993e+00 4.902538395011844519e-01
9.551101284680386660e-01 2.100495751798063360e+00
2.176641524772452652e+00 5.677711088459114208e-01
6.221739830534167570e-02 2.098337316681440967e+00
-1.213557309046048971e+00 7.969571904934256157e-01
-2.792355382850042478e-01 1.083960851221585919e+00
-2.092147595400475346e+00 -5.631876654097752732e-01
