2.801905319681655016e+01 9.949999999999999289e+00
4.486407356712056327e+01 9.900249999999999773e+00
4.850551162492343593e+01 9.850748749999999276e+00
3.555649925447896464e+01 9.801495006249998809e+00
2.976776607891542881e+01 9.752487531218749339e+00
4.525392829729558741e+01 9.703725093562654891e+00
4.464945858023965286e+01 9.655206468094840844e+00
7.137504100001220309e+01 9.606930435754366115e+00
5.111605992835961843e+01 9.558895783575593441e+00
9.053419931408237176e+01 9.511101304657715971e+00
3.939555967094621280e+01 9.463545798134427756e+00
1.008112184047624567e+02 9.416228069143755874e+00
4.565601889045537121e+01 9.369146928798036456e+00
2.749267327461448218e+01 9.322301194154047010e+00
2.926686569519912950e+01 9.275689688183277326e+00
5.508136931527632640e+01 9.229311239742360229e+00
2.623186416636816531e+01 9.183164683543648010e+00
3.314265484149988339e+01 9.137248860125929184e+00
3.853293244834355136e+01 9.091562615825299787e+00
3.936423386741424935e+01 9.046104802746173235e+00
2.881636531933908785e+01 9.000874278732442946e+00
7.821122641699595590e+01 8.955869907338779967e+00
4.947424857001641385e+01 8.911090557802085144e+00
3.159283269051211818e+01 8.866535105013074514e+00
3.783942171182022207e+01 8.822202429488008590e+00
3.846635793816620463e+01 8.778091417340569080e+00
4.472407657250680302e+01 8.734200960253867052e+00
6.271901227998024098e+01 8.690529955452598543e+00
2.871311733326976423e+01 8.647077305675335168e+00
3.784453975105935797e+01 8.603841919146958617e+00
5.088178643285758085e+01 8.560822709551223042e+00
2.464776519256221121e+01 8.518018596003466669e+00
2.267427815115369683e+01 8.475428503023449522e+00
4.682343733980837897e+01 8.433051360508331484e+00
3.637095882060025787e+01 8.390886103705788912e+00
5.038896095888556914e+01 8.348931673187259150e+00
2.841467299155426929e+01 8.307187014821323601e+00
1.827876584922808689e+01 8.265651079747216912e+00
4.062107984221424317e+01 8.224322824348480054e+00
3.348169088863863152e+01 8.183201210226737743e+00
5.197554901705536423e+01 8.142285204175603752e+00
3.772366000924807850e+01 8.101573778154726568e+00
5.806864858202543189e+01 8.061065909263952278e+00
6.110160261699007833e+01 8.020760579717633121e+00
4.738339794253392512e+01 7.980656776819045284e+00
3.925463427629134117e+01 7.940753492934949698e+00
2.374093274522264352e+01 7.901049725470274510e+00
3.415720140930130810e+01 7.861544476842922791e+00
5.011665574063524531e+01 7.822236754458708141e+00
7.898900816913553058e+01 7.783125570686414640e+00
3.593555563937206188e+01 7.744209942832982918e+00
5.690795420505444469e+01 7.705488893118817906e+00
4.516910604548204589e+01 7.666961448653223599e+00
8.576925819067430723e+01 7.628626641409957720e+00
5.636963069142230154e+01 7.590483508202908070e+00
5.003590793777973289e+01 7.552531090661893209e+00
5.809479159437655937e+01 7.514768435208583952e+00
3.619830107416993314e+01 7.477194593032541192e+00
4.666362737633110669e+01 7.439808620067378087e+00
5.627198097204202298e+01 7.402609576967041249e+00
4.634694493522875547e+01 7.365596529082205635e+00
2.969132421177845060e+01 7.328768546436794651e+00
6.252793760957965219e+01 7.292124703704610411e+00
6.237053647744199480e+01 7.255664080186087439e+00
3.110612757698532604e+01 7.219385759785157397e+00
3.505499795481647851e+01 7.183288830986231943e+00
4.236856282536674456e+01 7.147372386831301050e+00
3.927042722801622432e+01 7.111635524897144123e+00
1.901024929933306495e+01 7.076077347272658358e+00
2.296898390870764572e+01 7.040696960536295457e+00
2.901537919984968639e+01 7.005493475733613806e+00
2.067944882884761881e+01 6.970466008354946119e+00
3.340806949405364890e+01 6.935613678313170993e+00
4.112469389956299182e+01 6.900935609921605263e+00
2.398692844997134799e+01 6.866430931871997601e+00
4.599425966677137012e+01 6.832098777212637586e+00
4.011441951044432130e+01 6.797938283326574016e+00
2.499116843670995181e+01 6.763948591909940689e+00
3.565716210834723654e+01 6.730128848950390541e+00
5.230494993681875826e+01 6.696478204705638149e+00
4.011802121468126359e+01 6.662995813682109691e+00
5.149941026812632572e+01 6.629680834613699503e+00
3.962049005183895645e+01 6.596532430440630534e+00
5.561502239569323791e+01 6.563549768288427622e+00
5.220770825941562521e+01 6.530732019446985781e+00
3.211426397807417743e+01 6.498078359349750421e+00
4.568150314741346563e+01 6.465587967553001469e+00
3.626376196830750587e+01 6.433260027715236085e+00
6.804605123193586280e+01 6.401093727576659731e+00
2.932074086344668018e+01 6.369088258938776725e+00
4.126512751095069831e+01 6.337242817644082926e+00
5.181955204693419148e+01 6.305556603555862338e+00
5.895077452615914382e+01 6.274028820538083195e+00
2.833074739462060876e+01 6.242658676435392628e+00
2.179089577973629588e+01 6.211445383053215252e+00
3.849039379554486828e+01 6.180388156137949451e+00
3.071539958653267277e+01 6.149486215357259589e+00
4.132472690499168522e+01 6.118738784280473020e+00
5.074821050637417841e+01 6.088145090359070366e+00
3.497179036957408016e+01 6.057704364907275263e+00
3.314894606732862314e+01 6.027415843082739144e+00
4.826795959495669308e+01 5.997278763867325502e+00
2.845808033740891219e+01 5.967292370047989181e+00
1.944933806059615478e+01 5.937455908197748933e+00
2.118847304409935006e+01 5.907768628656760335e+00
3.437408877102399885e+01 5.878229785513476635e+00
3.523761946176908566e+01 5.848838636585909079e+00
6.039624243657426206e+01 5.819594443402979600e+00
2.499716930615577937e+01 5.790496471185965000e+00
3.596952028056300321e+01 5.761543988830035268e+00
3.668063321858250703e+01 5.732736268885885167e+00
2.842499258455319122e+01 5.704072587541455519e+00
2.508228762078985241e+01 5.675552224603748641e+00
5.844870299890069276e+01 5.647174463480729933e+00
4.568383743420069720e+01 5.618938591163326279e+00
2.411494210991030585e+01 5.590843898207509710e+00
4.565013874952116169e+01 5.562889678716472552e+00
3.473520384117648518e+01 5.535075230322890505e+00
3.326355720913547032e+01 5.507399854171276310e+00
3.323153858023130880e+01 5.479862854900419578e+00
4.009389746332132631e+01 5.452463540625917204e+00
3.062062660261156566e+01 5.425201222922787281e+00
4.835594661265061234e+01 5.398075216808173593e+00
4.239229536358949701e+01 5.371084840724132725e+00
2.251844161933136945e+01 5.344229416520511755e+00
2.044444999405022045e+01 5.317508269437909441e+00
2.962818969043348361e+01 5.290920728090720004e+00
2.261349589818546235e+01 5.264466124450266626e+00
3.619178639307823175e+01 5.238143793828014871e+00
1.875082524661397798e+01 5.211953074858874935e+00
3.142110957012539529e+01 5.185893309484580271e+00
3.146655817170231373e+01 5.159963842937157708e+00
4.713058361304035060e+01 5.134164023722472159e+00
3.903106882566865465e+01 5.108493203603860167e+00
2.727190583624435050e+01 5.082950737585840706e+00
2.889598089146114646e+01 5.057535983897911258e+00
3.450899239959183262e+01 5.032248303978422044e+00
3.077120215417508220e+01 5.007087062458530191e+00
2.617044978931225785e+01 4.982051627146237394e+00
3.537914025375386018e+01 4.957141369010506615e+00
2.911960442143961814e+01 4.932355662165454291e+00
2.333609193351526301e+01 4.907693883854626904e+00
2.222301399942113420e+01 4.883155414435353947e+00
2.223925291955427852e+01 4.858739637363177266e+00
2.495605019341213904e+01 4.834445939176361229e+00
3.558391465010293331e+01 4.810273709480479276e+00
5.189252232025943101e+01 4.786222340933076858e+00
4.641903489304147001e+01 4.762291229228411638e+00
2.740528663185278191e+01 4.738479773082269197e+00
1.966599695365257006e+01 4.714787374216857785e+00
2.137743984460550450e+01 4.691213437345773229e+00
1.850474967012887362e+01 4.667757370159044683e+00
2.054797079758329659e+01 4.644418583308249637e+00
2.748613750379048426e+01 4.621196490391707989e+00
1.953989630125558818e+01 4.598090507939749827e+00
2.231078862595390078e+01 4.575100055400050714e+00
3.993541178023596672e+01 4.552224555123050465e+00
1.931347584339066259e+01 4.529463432347434981e+00
3.980005495964299911e+01 4.506816115185698024e+00
3.085894706342208593e+01 4.484282034609769596e+00
1.514099319192737347e+01 4.461860624436720713e+00
2.220552837379396749e+01 4.439551321314537446e+00
4.839735682884035839e+01 4.417353564707965141e+00
2.758755869076757250e+01 4.395266796884425453e+00
2.753194638728253452e+01 4.373290462900003561e+00
1.982936846296243516e+01 4.351424010585503765e+00
3.871269738109985781e+01 4.329666890532576140e+00
2.549393793702039446e+01 4.308018556079913353e+00
2.987627483772638470e+01 4.286478463299514097e+00
1.600315618720426158e+01 4.265046070983016691e+00
2.144648369848999181e+01 4.243720840628101953e+00
1.999544979249868248e+01 4.222502236424961808e+00
2.367230882284617266e+01 4.201389725242837159e+00
3.091825834443844911e+01 4.180382776616623275e+00
3.191270144343995696e+01 4.159480862733540008e+00
1.960035266308186763e+01 4.138683458419872174e+00
2.083194789834067251e+01 4.117990041127773004e+00
2.045624750019530325e+01 4.097400090922134197e+00
2.377988490397654786e+01 4.076913090467523482e+00
1.482845046358841756e+01 4.056528525015186126e+00
2.052969132111512351e+01 4.036245882390110395e+00
3.055308407079761679e+01 4.016064652978159621e+00
2.563802384094555720e+01 3.995984329713268668e+00
2.337691664701852901e+01 3.976004408064702123e+00
3.290629546422722740e+01 3.956124386024378659e+00
2.468902951884807706e+01 3.936343764094256681e+00
2.531870357673088279e+01 3.916662045273785253e+00
3.263669626264926649e+01 3.897078735047416309e+00
3.043303328072832414e+01 3.877593341372179037e+00
2.845760196945135689e+01 3.858205374665318210e+00
1.811307997279226711e+01 3.838914347791991588e+00
2.840121727757846770e+01 3.819719776053031701e+00
2.033432889004737731e+01 3.800621177172766707e+00
2.392039521271141211e+01 3.781618071286902971e+00
3.986397535379410328e+01 3.762709980930468490e+00
5.278388147151743226e+01 3.743896431025816263e+00
1.976247659509379062e+01 3.725176948870687177e+00
2.401074885898105293e+01 3.706551064126333728e+00
2.467370471595102543e+01 3.688018308805701917e+00
3.171744954755700618e+01 3.669578217261673547e+00
2.087823756887260984e+01 3.651230326175365359e+00
2.080861297208621608e+01 3.632974174544488566e+00
2.322332347830256438e+01 3.614809303671766116e+00
2.742477576415351592e+01 3.596735257153407250e+00
3.551359786501054572e+01 3.578751580867640225e+00
3.251508409990323401e+01 3.560857822963301889e+00
1.639145290738541050e+01 3.543053533848485426e+00
2.620642314501641224e+01 3.525338266179243174e+00
2.100650690671135834e+01 3.507711574848346725e+00
3.326500764504702090e+01 3.490173016974104758e+00
1.883052074282272059e+01 3.472722151889234166e+00
2.369377256995123915e+01 3.455358541129788019e+00
2.568714028036599473e+01 3.438081748424139050e+00
2.166620693469524284e+01 3.420891339682018195e+00
1.916804559963890142e+01 3.403786882983608209e+00
2.256804119066228509e+01 3.386767948568690123e+00
2.136246908753332363e+01 3.369834108825846553e+00
1.934056088322211409e+01 3.352984938281717398e+00
2.000659434181277874e+01 3.336220013590308842e+00
2.009979143363019816e+01 3.319538913522357415e+00
1.905240334320959050e+01 3.302941218954745572e+00
2.749793006584964417e+01 3.286426512859971893e+00
2.448502806714299140e+01 3.269994380295671910e+00
2.261024477358628104e+01 3.253644408394193555e+00
2.152088701740036214e+01 3.237376186352222351e+00
3.891470971537885504e+01 3.221189305420461224e+00
2.220344973121097709e+01 3.205083358893358714e+00
2.396507784657805828e+01 3.189057942098891818e+00
2.759438979078053578e+01 3.173112652388397237e+00
2.142977335196489719e+01 3.157247089126455020e+00
3.136393968699942292e+01 3.141460853680822840e+00
2.834566323804515520e+01 3.125753549412418675e+00
1.857479127115722761e+01 3.110124781665356775e+00
2.065001491177430637e+01 3.094574157757029820e+00
1.900160399103393871e+01 3.079101286968244811e+00
2.595047360238745426e+01 3.063705780533403367e+00
3.436987505794027697e+01 3.048387251630736205e+00
2.139102024869441365e+01 3.033145315372582473e+00
1.624140171935219001e+01 3.017979588795719703e+00
2.426084345079191351e+01 3.002889690851741289e+00
2.448272865118516606e+01 2.987875242397482367e+00
2.142334836299665568e+01 2.972935866185494991e+00
2.119188239945366803e+01 2.958071186854567713e+00
3.455912724797769897e+01 2.943280830920294910e+00
1.878618037714226219e+01 2.928564426765693618e+00
2.035341921632112161e+01 2.913921604631865225e+00
1.790672126796016883e+01 2.899351996608706017e+00
2.420520338703263974e+01 2.884855236625662567e+00
3.028497447989038704e+01 2.870430960442534207e+00
2.816723564455682904e+01 2.856078805640321683e+00
2.734349451950391696e+01 2.841798411612120212e+00
3.511815343921044530e+01 2.827589419554059624e+00
2.694052808603958482e+01 2.813451472456289348e+00
3.802506822913156981e+01 2.799384215094007811e+00
1.685842526199368763e+01 2.785387294018537574e+00
2.480672562830782013e+01 2.771460357548444886e+00
2.541935916950394159e+01 2.757603055760702748e+00
1.808811878613544621e+01 2.743815040481899281e+00
2.414248124916227312e+01 2.730095965279489612e+00
1.846001908608954878e+01 2.716445485453092168e+00
2.014454420346584129e+01 2.702863258025826720e+00
2.363513598253104675e+01 2.689348941735697718e+00
2.653556757403305966e+01 2.675902197027019369e+00
2.647664211432203984e+01 2.662522686041884246e+00
3.059904492209908966e+01 2.649210072611674960e+00
2.695224510776536775e+01 2.635964022248616700e+00
2.413876446308756485e+01 2.622784202137373732e+00
1.632084609509758266e+01 2.609670281126686753e+00
2.098417047061293417e+01 2.596621929721053323e+00
3.877916102043395341e+01 2.583638820072447828e+00
1.778890171000422171e+01 2.570720625972085394e+00
1.677416360864623357e+01 2.557867022842224891e+00
2.125292754568425480e+01 2.545077687728013682e+00
1.712490242587636757e+01 2.532352299289373665e+00
2.543233258862392887e+01 2.519690537792926843e+00
2.007529974421175112e+01 2.507092085103962198e+00
2.867159857509881249e+01 2.494556624678442525e+00
2.073947201053099221e+01 2.482083841555050352e+00
1.591068968097977354e+01 2.469673422347275160e+00
2.474797859718036364e+01 2.457325055235538791e+00
1.773511385661354467e+01 2.445038429959361270e+00
2.042305472847490933e+01 2.432813237809564377e+00
2.838649523750153492e+01 2.420649171620516515e+00
2.239526056746046478e+01 2.408545925762413997e+00
1.594029731228999935e+01 2.396503196133601854e+00
1.413801158461349594e+01 2.384520680152933725e+00
2.843256785423668731e+01 2.372598076752169050e+00
1.571683285459540080e+01 2.360735086368408009e+00
1.827072801728982654e+01 2.348931410936565989e+00
1.565172683367067030e+01 2.337186753881883128e+00
2.770207504441212620e+01 2.325500820112473832e+00
2.126189155689156607e+01 2.313873316011911374e+00
1.958057192186424800e+01 2.302303949431852015e+00
2.272011750728590584e+01 2.290792429684692877e+00
1.624135725715649059e+01 2.279338467536269341e+00
1.508884890485488128e+01 2.267941775198587973e+00
1.882123537235249700e+01 2.256602066322594968e+00
1.487613150139129914e+01 2.245319055990981916e+00
1.824759315803598270e+01 2.234092460711027073e+00
1.832849154943831138e+01 2.222921998407471733e+00
1.857302080407575673e+01 2.211807388415434339e+00
1.747490875848945890e+01 2.200748351473357012e+00
1.990682366361684785e+01 2.189744609715990276e+00
2.326265871299570520e+01 2.178795886667410198e+00
2.400350428864678065e+01 2.167901907234073278e+00
2.630174933632226697e+01 2.157062397697902867e+00
2.401878944635791768e+01 2.146277085709413335e+00
2.416892693707395523e+01 2.135545700280866210e+00
1.700617707468944317e+01 2.124867971779461850e+00
1.819063306085332954e+01 2.114243631920564415e+00
1.604087785552281176e+01 2.103672413760961479e+00
2.742711308437111484e+01 2.093154051692156514e+00
2.975348659585853284e+01 2.082688281433695554e+00
1.708006277731221090e+01 2.072274840026527176e+00
2.019408669242644550e+01 2.061913465826394454e+00
1.947172118971128185e+01 2.051603898497262435e+00
1.689049627003950604e+01 2.041345879004776265e+00
1.582647341482519288e+01 2.031139149609752170e+00
2.087473303405975145e+01 2.020983453861703527e+00
1.585429213188071529e+01 2.010878536592394905e+00
1.431654129654152108e+01 2.000824143909432973e+00
1.511227965128335171e+01 1.990820023189885823e+00
1.873502244599181665e+01 1.980865923073936496e+00
1.943089556396833117e+01 1.970961593458566696e+00
1.889428925884253019e+01 1.961106785491273818e+00
2.131680876826715121e+01 1.951301251563817507e+00
1.723583091303478554e+01 1.941544745305998410e+00
2.022673670713924565e+01 1.931837021579468461e+00
2.023961271252401417e+01 1.922177836471571144e+00
1.657182211994944510e+01 1.912566947289213282e+00
1.874845639600175673e+01 1.903004112552767246e+00
1.693856039280559145e+01 1.893489091990003370e+00
1.979487676159208931e+01 1.884021646530053440e+00
2.030266442608855115e+01 1.874601538297403058e+00
2.224614416887452606e+01 1.865228530605915980e+00
2.733321348939259465e+01 1.855902387952886423e+00
2.220744973732438154e+01 1.846622876013122028e+00
1.658020816188935598e+01 1.837389761633056340e+00
2.191650574064708579e+01 1.828202812824891055e+00
1.665928890902116066e+01 1.819061798760766679e+00
1.802742282235912796e+01 1.809966489766962727e+00
2.062252438363053741e+01 1.800916657318127889e+00
1.598415315944561144e+01 1.791912074031537294e+00
1.732291659662437411e+01 1.782952513661379523e+00
1.597495829534072520e+01 1.774037751093072712e+00
2.332853831991975113e+01 1.765167562337607299e+00
1.530208414637481873e+01 1.756341724525919190e+00
2.023312908621993955e+01 1.747560015903289576e+00
1.734162862509800007e+01 1.738822215823773165e+00
2.603122029752069011e+01 1.730128104744654394e+00
1.526041341026819786e+01 1.721477464220931175e+00
1.552873375223024865e+01 1.712870076899826621e+00
1.845639639262893539e+01 1.704305726515327413e+00
1.894462211028353948e+01 1.695784197882750810e+00
1.934293627529775250e+01 1.687305276893336980e+00
1.598318250896690884e+01 1.678868750508870189e+00
2.536550906827860530e+01 1.670474406756325747e+00
1.968473927871907492e+01 1.662122034722544051e+00
2.381132619822730589e+01 1.653811424548931264e+00
2.187702153361207280e+01 1.645542367426186647e+00
1.996769052204732731e+01 1.637314655589055645e+00
1.991633629573610520e+01 1.629128082311110282e+00
1.520573297841830751e+01 1.620982441899554649e+00
1.896785583764559391e+01 1.612877529690056821e+00
1.443397627212307022e+01 1.604813142041606522e+00
1.541201189908189306e+01 1.596789076331398549e+00
1.788195025231443225e+01 1.588805130949741518e+00
1.793065346733583709e+01 1.580861105294992797e+00
1.471135522635237614e+01 1.572956799768517877e+00
1.858326929838133168e+01 1.565092015769675271e+00
1.934022322227985313e+01 1.557266555690826948e+00
1.720313304485181405e+01 1.549480222912372751e+00
1.933453904879730345e+01 1.541732821797810793e+00
2.193674774058011678e+01 1.534024157688821832e+00
1.621109519094647311e+01 1.526354036900377631e+00
2.040849721114545545e+01 1.518722266715875735e+00
1.984269742364313061e+01 1.511128655382296460e+00
1.444200598338964525e+01 1.503573012105384965e+00
1.528236731922692826e+01 1.496055147044857980e+00
1.992498489039949305e+01 1.488574871309633618e+00
1.805213077875595928e+01 1.481131996953085395e+00
1.662941943139949430e+01 1.473726336968320005e+00
2.020950642067614211e+01 1.466357705283478419e+00
1.549576903776801196e+01 1.459025916757060948e+00
1.579787416530376021e+01 1.451730787173275639e+00
1.510745563398636016e+01 1.444472133237409306e+00
1.998995637406549974e+01 1.437249772571222328e+00
1.459156020145066890e+01 1.430063523708366313e+00
1.542851538939882872e+01 1.422913206089824412e+00
1.702105828230979867e+01 1.415798640059375391e+00
1.638491023187268780e+01 1.408719646859078578e+00
1.747541227102593453e+01 1.401676048624783233e+00
1.596161972529454331e+01 1.394667668381659231e+00
2.217056768492213337e+01 1.387694330039750845e+00
1.594605386439229555e+01 1.380755858389552060e+00
2.192958939452932299e+01 1.373852079097604317e+00
1.558235188308543151e+01 1.366982818702116242e+00
1.860067167545348710e+01 1.360147904608605574e+00
1.930752149701648790e+01 1.353347165085562631e+00
1.541612185412872904e+01 1.346580429260134881e+00
1.326669282146834483e+01 1.339847527113834147e+00
2.011533657604682190e+01 1.333148289478264914e+00
1.943996733940834076e+01 1.326482548030873510e+00
1.725160753567358896e+01 1.319850135290719040e+00
1.710601694190298616e+01 1.313250884614265424e+00
1.360076479733249855e+01 1.306684630191194074e+00
1.400974185937119465e+01 1.300151207040238122e+00
1.478790997418279574e+01 1.293650451005036839e+00
1.580968055238096603e+01 1.287182198750011608e+00
1.644241987398744342e+01 1.280746287756261648e+00
1.883507604724553630e+01 1.274342556317480391e+00
1.645619060067859252e+01 1.267970843535892955e+00
1.475865775232979082e+01 1.261630989318213381e+00
1.571809933322695585e+01 1.255322834371622287e+00
1.574413557982662049e+01 1.249046220199764079e+00
2.151833385769890228e+01 1.242800989098765241e+00
1.344553329521436424e+01 1.236586984153271507e+00
1.523480622211347146e+01 1.230404049232505237e+00
1.767147138097018910e+01 1.224252028986342777e+00
1.399352609521795898e+01 1.218130768841411138e+00
1.254079687801021947e+01 1.212040114997203988e+00
1.498696841221867260e+01 1.205979914422217858e+00
1.481673974805750404e+01 1.199950014850106772e+00
1.547948613043118193e+01 1.193950264775856196e+00
1.424479731435092944e+01 1.187980513451976972e+00
1.872006038903254677e+01 1.182040610884717013e+00
1.831502901235275615e+01 1.176130407830293434e+00
1.652457776532888545e+01 1.170249755791141988e+00
1.411874362911854064e+01 1.164398507012186279e+00
1.585057170641468360e+01 1.158576514477125396e+00
1.325698175531169909e+01 1.152783631904739758e+00
1.555595617669990816e+01 1.147019713745216052e+00
1.464955344103709223e+01 1.141284615176489936e+00
1.682401714677365590e+01 1.135578192100607398e+00
1.530290582853797510e+01 1.129900301140104313e+00
1.469917514122906255e+01 1.124250799634403775e+00
1.428311364304829922e+01 1.118629545636231848e+00
1.727456758557587690e+01 1.113036397908050645e+00
1.412650840887824089e+01 1.107471215918510277e+00
1.511541371111307264e+01 1.101933859838917673e+00
1.301417703091046008e+01 1.096424190539723176e+00
1.764447256088078575e+01 1.090942069587024665e+00
1.792633072121220295e+01 1.085487359239089455e+00
1.526737183885546756e+01 1.080059922442893949e+00
1.443970151390750090e+01 1.074659622830679506e+00
1.272517836587475415e+01 1.069286324716526071e+00
1.724383286830166639e+01 1.063939893092943345e+00
1.492503882905258905e+01 1.058620193627478612e+00
1.277941472649123433e+01 1.053327092659341213e+00
1.557459879351400467e+01 1.048060457196044570e+00
1.656623535944924441e+01 1.042820154910064412e+00
1.681812444515781380e+01 1.037606054135514100e+00
1.503251715012603640e+01 1.032418023864836609e+00
1.567212334061585466e+01 1.027255933745512495e+00
1.461624872948612008e+01 1.022119654076784956e+00
1.451696703989038006e+01 1.017009055806401108e+00
1.479934387094067283e+01 1.011924010527369022e+00
1.470669738953964334e+01 1.006864390474732085e+00
1.429347292210732334e+01 1.001830068522358452e+00
1.443530539339427321e+01 9.968209181797466067e-01
1.432378867584052173e+01 9.918368135888478987e-01
1.407245098121079430e+01 9.868776295209036320e-01
2.284069192974903828e+01 9.819432413732991360e-01
1.513655619246208950e+01 9.770335251664326037e-01
1.719885462316974767e+01 9.721483575406004718e-01
1.409126110534229781e+01 9.672876157528974561e-01
1.419943383516273983e+01 9.624511776741330182e-01
1.599166703033896830e+01 9.576389217857623759e-01
1.348201303363211423e+01 9.528507271768336118e-01
1.423172988521616666e+01 9.480864735409494370e-01
1.480517417181808426e+01 9.433460411732447204e-01
1.571326863609220759e+01 9.386293109673784496e-01
1.441231789317169998e+01 9.339361644125415696e-01
1.469947856213964776e+01 9.292664835904788090e-01
2.248615500402166845e+01 9.246201511725263833e-01
1.727392413834231277e+01 9.199970504166637975e-01
1.714749343409031468e+01 9.153970651645805257e-01
1.346322513018620270e+01 9.108200798387575681e-01
1.362237381939073444e+01 9.062659794395637736e-01
1.361626453123902891e+01 9.017346495423659292e-01
1.407516909350455414e+01 8.972259762946540596e-01
1.355598658677161161e+01 8.927398464131808264e-01
1.407058300637078574e+01 8.882761471811149168e-01
1.271333001351716163e+01 8.838347664452093078e-01
1.516469310040648111e+01 8.794155926129832990e-01
1.861661733213193770e+01 8.750185146499184219e-01
1.567213477104278141e+01 8.706434220766687826e-01
1.595911028983392477e+01 8.662902049662853932e-01
1.743106246378223290e+01 8.619587539414539368e-01
1.541149773566792369e+01 8.576489601717466327e-01
1.378082488868619748e+01 8.533607153708878679e-01
1.610891440918170048e+01 8.490939117940333736e-01
1.519746594716314014e+01 8.448484422350631684e-01
1.524362750049121651e+01 8.406242000238878243e-01
1.518269535528896874e+01 8.364210790237683879e-01
1.406539221559613395e+01 8.322389736286495143e-01
1.638549635956193384e+01 8.280777787605062557e-01
1.281709408116353899e+01 8.239373898667037288e-01
1.564056223325064643e+01 8.198177029173702168e-01
1.461973957093102783e+01 8.157186144027833707e-01
1.338411699441420666e+01 8.116400213307694012e-01
1.749153680423563273e+01 8.075818212241155925e-01
2.035200305770393570e+01 8.035439121179950295e-01
1.484281592503775471e+01 7.995261925574050910e-01
1.488006257863590065e+01 7.955285615946180444e-01
1.388509932621857246e+01 7.915509187866449636e-01
1.403244995865416200e+01 7.875931641927117477e-01
1.570632191987010629e+01 7.836551983717482406e-01
1.349993271774041048e+01 7.797369223798894522e-01
1.502844923096025731e+01 7.758382377679899911e-01
1.500787875847154318e+01 7.719590465791500433e-01
1.228406214778918759e+01 7.680992513462543414e-01
1.414299427655901020e+01 7.642587550895230120e-01
1.406378907883858531e+01 7.604374613140754136e-01
1.614879661439427139e+01 7.566352740075050765e-01
1.330707408481096721e+01 7.528520976374675211e-01
1.505490980313975768e+01 7.490878371492801779e-01
1.515175873832699338e+01 7.453423979635337426e-01
1.270179668444652421e+01 7.416156859737160767e-01
1.650316430229280229e+01 7.379076075438475435e-01
1.387373793400956146e+01 7.342180695061283346e-01
1.669005472626667697e+01 7.305469791585976758e-01
1.269624151658502953e+01 7.268942442628046896e-01
1.303908863616907610e+01 7.232597730414906945e-01
1.419092072603166876e+01 7.196434741762832710e-01
1.546145236698334813e+01 7.160452568054018752e-01
1.327589133387145637e+01 7.124650305213748869e-01
1.597083739718926410e+01 7.089027053687679825e-01
1.542465446772613191e+01 7.053581918419241648e-01
1.539255947265256097e+01 7.018314008827145623e-01
1.458180749296286649e+01 6.983222438783009967e-01
1.483388140380210274e+01 6.948306326589095416e-01
1.466689267097224736e+01 6.913564794956149617e-01
1.301854439103254357e+01 6.878996970981369197e-01
1.252410593947865536e+01 6.844601986126462867e-01
1.590205986683090167e+01 6.810378976195829992e-01
1.265077392537405743e+01 6.776327081314851286e-01
1.571087771193101545e+01 6.742445445908277213e-01
1.246640146501996682e+01 6.708733218678736288e-01
1.475142952658307927e+01 6.675189552585342190e-01
1.313013484815669685e+01 6.641813604822415229e-01
1.317313784750407812e+01 6.608604536798302620e-01
1.325343721790118146e+01 6.575561514114310890e-01
1.602851139892947785e+01 6.542683706543739319e-01
1.298149547700313988e+01 6.509970288011021067e-01
1.416484049161424075e+01 6.477420436570966444e-01
1.440296622630724066e+01 6.445033334388111657e-01
1.662395163881499371e+01 6.412808167716170793e-01
1.510963041030531073e+01 6.380744126877589961e-01
1.403604537676433139e+01 6.348840406243202450e-01
1.311289306578934521e+01 6.317096204211986032e-01
1.255204527727354957e+01 6.285510723190925741e-01
1.516351532384537393e+01 6.254083169574971013e-01
1.297592288782011316e+01 6.222812753727096080e-01
1.373481558657483959e+01 6.191698689958460289e-01
1.289448724977066973e+01 6.160740196508668332e-01
1.286199072909880670e+01 6.129936495526124851e-01
1.317763129494232466e+01 6.099286813048494515e-01
1.267145829070411445e+01 6.068790378983252021e-01
1.373249476015193693e+01 6.038446427088335344e-01
1.423364522278682820e+01 6.008254194952893368e-01
1.463001633702492477e+01 5.978212923978128979e-01
1.367976690936736262e+01 5.948321859358238761e-01
1.293126724032037700e+01 5.918580250061447057e-01
1.414806285636124983e+01 5.888987348811139944e-01
1.360588695215451516e+01 5.859542412067084705e-01
1.461120831588678648e+01 5.830244700006749214e-01
1.435437710868888672e+01 5.801093476506715696e-01
1.292864144116616920e+01 5.772088009124182184e-01
1.430031007465502135e+01 5.743227569078561690e-01
1.452264750139661587e+01 5.714511431233169070e-01
1.220723229070132199e+01 5.685938874077003380e-01
1.559872914081957163e+01 5.657509179706617930e-01
1.318145799030430787e+01 5.629221633808084713e-01
1.264221614067303179e+01 5.601075525639044317e-01
1.349492451134231530e+01 5.573070148010849101e-01
1.543217544245963779e+01 5.545204797270795183e-01
1.366406676703746115e+01 5.517478773284441029e-01
1.261936861138099530e+01 5.489891379418019302e-01
1.425177816930678176e+01 5.462441922520928639e-01
1.562620281365197172e+01 5.435129712908324251e-01
1.396244008632427125e+01 5.407954064343782896e-01
1.283309916715796817e+01 5.380914294022064448e-01
1.337006546989129774e+01 5.354009722551954509e-01
1.419759076174627666e+01 5.327239673939194731e-01
1.290346036391548701e+01 5.300603475569498624e-01
1.483736683647795118e+01 5.274100458191650631e-01
1.365762552831080257e+01 5.247729955900691801e-01
1.389183384165965762e+01 5.221491306121188725e-01
1.609372374831917796e+01 5.195383849590582415e-01
1.296573461539473548e+01 5.169406930342629325e-01
1.423247513819902110e+01 5.143559895690915651e-01
1.472043677703501352e+01 5.117842096212461556e-01
1.350727128922781439e+01 5.092252885731398671e-01
1.274576122701319392e+01 5.066791621302741966e-01
1.335508100864020875e+01 5.041457663196228234e-01
1.317577930327948010e+01 5.016250374880246721e-01
1.298342836792679300e+01 4.991169123005845254e-01
1.274163983210345918e+01 4.966213277390815750e-01
1.326820490611279624e+01 4.941382211003861880e-01
1.407214516706947904e+01 4.916675299948842781e-01
1.413610077948443866e+01 4.892091923449098378e-01
1.249993141728247537e+01 4.867631463831852967e-01
1.257460725200795970e+01 4.843293306512693741e-01
1.468150982119521153e+01 4.819076839980130367e-01
1.274667546595045842e+01 4.794981455780229496e-01
1.307803500450551937e+01 4.771006548501328104e-01
1.341102784874412812e+01 4.747151515758821216e-01
1.228048871543829712e+01 4.723415758180027346e-01
1.285261864166076506e+01 4.699798679389127209e-01
1.302707876155242772e+01 4.676299685992181820e-01
1.552477125891092946e+01 4.652918187562221086e-01
1.512305314943494494e+01 4.629653596624410117e-01
1.315441023510634899e+01 4.606505328641288255e-01
1.271466918820580716e+01 4.583472801998081936e-01
1.311857114330135410e+01 4.560555437988091376e-01
1.290696865554879125e+01 4.537752660798151094e-01
1.306823231820616016e+01 4.515063897494160372e-01
1.501108984471716390e+01 4.492488578006689770e-01
1.275198349715980051e+01 4.470026135116656474e-01
1.293535561925448718e+01 4.447676004441072917e-01
1.539074219355272710e+01 4.425437624418867566e-01
1.431807258036824138e+01 4.403310436296773434e-01
1.335638342694914371e+01 4.381293884115289305e-01
1.325338032421722723e+01 4.359387414694712581e-01
1.222123290634550585e+01 4.337590477621238727e-01
1.367930095910583432e+01 4.315902525233132336e-01
1.241636754710398804e+01 4.294323012606966472e-01
1.294524235852139071e+01 4.272851397543931395e-01
1.271792529391065152e+01 4.251487140556211575e-01
1.406756445993518412e+01 4.230229704853430417e-01
1.300320590595898906e+01 4.209078556329163279e-01
1.242231097417208474e+01 4.188033163547517645e-01
1.188378901390536946e+01 4.167092997729779924e-01
1.231197948696260625e+01 4.146257532741131069e-01
1.305154492800532040e+01 4.125526245077425491e-01
1.264093370823597517e+01 4.104898613852038247e-01
1.475988204201314957e+01 4.084374120782778284e-01
1.359245273158806810e+01 4.063952250178864412e-01
1.269811203082371520e+01 4.043632488927970114e-01
1.287161391106391761e+01 4.023414326483329972e-01
1.304195580538261545e+01 4.003297254850913256e-01
1.395381159687800654e+01 3.983280768576658581e-01
1.372790893701654191e+01 3.963364364733775180e-01
1.368411041447686216e+01 3.943547542910106340e-01
1.266668341832224520e+01 3.923829805195555576e-01
1.385919790053965883e+01 3.904210656169577742e-01
1.254029814122702113e+01 3.884689602888730109e-01
1.327744736474279108e+01 3.865266154874286708e-01
1.307682140596633324e+01 3.845939824099915416e-01
1.283612387132756005e+01 3.826710124979416094e-01
1.288931649703375015e+01 3.807576574354519239e-01
1.321755557728397612e+01 3.788538691482746801e-01
1.406435359226342641e+01 3.769595998025332961e-01
1.424610911383075340e+01 3.750748018035206521e-01
1.366730444622620411e+01 3.731994277945030469e-01
1.585199698007224711e+01 3.713334306555305386e-01
1.328622626988347655e+01 3.694767635022528918e-01
1.218937515816491057e+01 3.676293796847416306e-01
1.253227703178339958e+01 3.657912327863179214e-01
1.216567209451011422e+01 3.639622766223863382e-01
1.355558103777740264e+01 3.621424652392744026e-01
1.348308664932488732e+01 3.603317529130780072e-01
1.431626041650951464e+01 3.585300941485126125e-01
1.259268317820543892e+01 3.567374436777700497e-01
1.563558156183850478e+01 3.549537564593812089e-01
1.279254948923067836e+01 3.531789876770842773e-01
1.227570822276963192e+01 3.514130927386988623e-01
1.305369806032001634e+01 3.496560272750053877e-01
1.309600730131245250e+01 3.479077471386303744e-01
1.449309500579645338e+01 3.461682084029372164e-01
1.268810997372563776e+01 3.444373673609225084e-01
1.296454285630544057e+01 3.427151805241178684e-01
1.279534657998674163e+01 3.410016046214972563e-01
1.322860080268676697e+01 3.392965965983897880e-01
1.231681504175336883e+01 3.376001136153978233e-01
1.347649041684107019e+01 3.359121130473208261e-01
1.416981154197029902e+01 3.342325524820842220e-01
1.310074899818921601e+01 3.325613897196738056e-01
1.279122239677293749e+01 3.308985827710754224e-01
1.258474797944133527e+01 3.292440898572200347e-01
1.262160469686672037e+01 3.275978694079339504e-01
1.277577596618861477e+01 3.259598800608942692e-01
1.335778086683494159e+01 3.243300806605897701e-01
1.339440582141553193e+01 3.227084302572867935e-01
1.331610126438311781e+01 3.210948881060003424e-01
1.282670577341261620e+01 3.194894136654703454e-01
1.258036948190671289e+01 3.178919665971429720e-01
1.339407896921342456e+01 3.163025067641572763e-01
1.369657360416541181e+01 3.147209942303365038e-01
1.319491014329605072e+01 3.131473892591848385e-01
1.298994221104693381e+01 3.115816523128889237e-01
1.224499292914725146e+01 3.100237440513244902e-01
1.284873927242074210e+01 3.084736253310678689e-01
1.456335201520928102e+01 3.069312572044125553e-01
1.244631418902734055e+01 3.053966009183904928e-01
1.356816833694947277e+01 3.038696179137985176e-01
1.329388391097281286e+01 3.023502698242295228e-01
1.217295413517134328e+01 3.008385184751083963e-01
1.318109049189115467e+01 2.993343258827328435e-01
1.275784506277988761e+01 2.978376542533191507e-01
1.300090407027477468e+01 2.963484659820525557e-01
1.503589253302092210e+01 2.948667236521422819e-01
1.295077156591669620e+01 2.933923900338815671e-01
1.389358611972468438e+01 2.919254280837121351e-01
1.308603802796468685e+01 2.904658009432935506e-01
1.309032352907793140e+01 2.890134719385770712e-01
1.448417522169648564e+01 2.875684045788841625e-01
1.343763948507223738e+01 2.861305625559897314e-01
1.261407975369293943e+01 2.846999097432098003e-01
1.317129698559062234e+01 2.832764101944937329e-01
1.343562780606463924e+01 2.818600281435212906e-01
1.264138144100456884e+01 2.804507280028036842e-01
1.330200700389644553e+01 2.790484743627896780e-01
1.248762698307244889e+01 2.776532319909757462e-01
1.317634176104482435e+01 2.762649658310208922e-01
1.227388672149916893e+01 2.748836410018657972e-01
1.320520709738117482e+01 2.735092227968564660e-01
1.201331097038963414e+01 2.721416766828722023e-01
1.243576221219910316e+01 2.707809682994578582e-01
1.224312363701559470e+01 2.694270634579605805e-01
1.291597341878430072e+01 2.680799281406707757e-01
1.276402580326776359e+01 2.667395284999674043e-01
1.251450757725788954e+01 2.654058308574675507e-01
1.284498194519201419e+01 2.640788017031802104e-01
1.317966659012868291e+01 2.627584076946642977e-01
1.269541570828523191e+01 2.614446156561909818e-01
1.223487057722373272e+01 2.601373925779100205e-01
1.268264047684499829e+01 2.588367056150204792e-01
1.387841194982041237e+01 2.575425220869453913e-01
1.274041038873204279e+01 2.562548094765106366e-01
1.230841477227168745e+01 2.549735354291280953e-01
1.330209393521660743e+01 2.536986677519824651e-01
1.208617999096992968e+01 2.524301744132225744e-01
1.219141306695290083e+01 2.511680235411564710e-01
1.234123559388569902e+01 2.499121834234507011e-01
1.228821591189226226e+01 2.486626225063334472e-01
1.256876374114700745e+01 2.474193093938017729e-01
1.274822027611835118e+01 2.461822128468327542e-01
1.309224615869444008e+01 2.449513017825985794e-01
1.300236050191027992e+01 2.437265452736855909e-01
1.246636319714663799e+01 2.425079125473171560e-01
1.244127642148344037e+01 2.412953729845805639e-01
1.319896817252556431e+01 2.400888961196576687e-01
1.242965147860065578e+01 2.388884516390593904e-01
1.255735379145396635e+01 2.376940093808641019e-01
1.263628510006599193e+01 2.365055393339597911e-01
1.254132565356408513e+01 2.353230116372899972e-01
1.229100782450361251e+01 2.341463965791035495e-01
1.253229945027607428e+01 2.329756645962080264e-01
1.273576175436953406e+01 2.318107862732269875e-01
1.252189000593709345e+01 2.306517323418608434e-01
1.270590508928073525e+01 2.294984736801515268e-01
1.231023094795545880e+01 2.283509813117507725e-01
1.240028911262632327e+01 2.272092264051920052e-01
1.217415330611835600e+01 2.260731802731660578e-01
1.302606888541183672e+01 2.249428143718002204e-01
1.232523612458222573e+01 2.238181002999412306e-01
1.236949000165909318e+01 2.226990097984415107e-01
1.320818141687565372e+01 2.215855147494492916e-01
1.262736977950547512e+01 2.204775871757020389e-01
1.299060676471695075e+01 2.193751992398235151e-01
1.224687120172692723e+01 2.182783232436243948e-01
1.242884201335052197e+01 2.171869316274062656e-01
1.219777868669082288e+01 2.161009969692692378e-01
1.256641478326027794e+01 2.150204919844228846e-01
1.318277671082392644e+01 2.139453895245007620e-01
1.301010198088248870e+01 2.128756625768782607e-01
1.258969966115125416e+01 2.118112842639938709e-01
1.226442800237708575e+01 2.107522278426738893e-01
1.308612938642131418e+01 2.096984667034605121e-01
1.248073170882161698e+01 2.086499743699432030e-01
1.319608649269726719e+01 2.076067244980934756e-01
1.245649264739709672e+01 2.065686908756030060e-01
1.246813005721999801e+01 2.055358474212249931e-01
1.200217826106589136e+01 2.045081681841188770e-01
1.226119680736822914e+01 2.034856273431982776e-01
1.267838780337077509e+01 2.024681992064822911e-01
1.288678045029895003e+01 2.014558582104498674e-01
1.205429196826223048e+01 2.004485789193976297e-01
1.368793590905519864e+01 1.994463360248006356e-01
1.227270526612395329e+01 1.984491043446766356e-01
1.212637964237661947e+01 1.974568588229532462e-01
1.228506695690863637e+01 1.964695745288384809e-01
1.262900484256945255e+01 1.954872266561942795e-01
1.304053149569563175e+01 1.945097905229133117e-01
1.258476873194361900e+01 1.935372415702987514e-01
1.273438917554240035e+01 1.925695553624472700e-01
1.225805108656609477e+01 1.916067075856350277e-01
1.265174248628419207e+01 1.906486740477068564e-01
1.233703937102384351e+01 1.896954306774683296e-01
1.210869350314073678e+01 1.887469535240809959e-01
1.229969800990940954e+01 1.878032187564605826e-01
1.266431263053575762e+01 1.868642026626782804e-01
1.247334433965299816e+01 1.859298816493648865e-01
1.264477448490296219e+01 1.850002322411180566e-01
1.217519659896705697e+01 1.840752310799124714e-01
1.203556045596680413e+01 1.831548549245129165e-01
1.261573857073392801e+01 1.822390806498903615e-01
1.326864565544767949e+01 1.813278852466408964e-01
1.195516859826410361e+01 1.804212458204076941e-01
1.202842505052492328e+01 1.795191395913056653e-01
1.218709703495515484e+01 1.786215438933491384e-01
1.210991423692435731e+01 1.777284361738823981e-01
1.237678989331802626e+01 1.768397939930129725e-01
1.204173046959913407e+01 1.759555950230479171e-01
1.288672532803800053e+01 1.750758170479326803e-01
1.246149118574404113e+01 1.742004379626930222e-01
1.220738728015404106e+01 1.733294357728795698e-01
1.206804337170823871e+01 1.724627885940151761e-01
1.228296898305281104e+01 1.716004746510451096e-01
1.254357206233779998e+01 1.707424722777898807e-01
1.229026216152367112e+01 1.698887599164009277e-01
1.219999654884814433e+01 1.690393161168189107e-01
1.198797421823434561e+01 1.681941195362348096e-01
1.207085930687202335e+01 1.673531489385536308e-01
1.196185951572581274e+01 1.665163831938608618e-01
1.221647617180849466e+01 1.656838012778915625e-01
1.232771876986673298e+01 1.648553822715020933e-01
1.258658674629781160e+01 1.640311053601445912e-01
1.250345600591344031e+01 1.632109498333438602e-01
1.226874106393047015e+01 1.623948950841771488e-01
1.274672632116895521e+01 1.615829206087562586e-01
1.243322935666676976e+01 1.607750060057124841e-01
1.271047036529823515e+01 1.599711309756839117e-01
1.218658421112001200e+01 1.591712753208054942e-01
1.260171997608033934e+01 1.583754189442014570e-01
1.239807540473893788e+01 1.575835418494804518e-01
1.358164213638399431e+01 1.567956241402330420e-01
1.207292886099913964e+01 1.560116460195318799e-01
1.260405229073010780e+01 1.552315877894342167e-01
1.206316129979120788e+01 1.544554298504870471e-01
1.261481107273136182e+01 1.536831527012346155e-01
1.256538753862343327e+01 1.529147369377284460e-01
1.206828671267422948e+01 1.521501632530398163e-01
1.251544606552935690e+01 1.513894124367746175e-01
1.247245457767068899e+01 1.506324653745907405e-01
1.267388064740030451e+01 1.498793030477177934e-01
1.272012720030360100e+01 1.491299065324792061e-01
1.264384116012376680e+01 1.483842569998168048e-01
1.339412069669054084e+01 1.476423357148177185e-01
1.218526297592301511e+01 1.469041240362436163e-01
1.218891513752037703e+01 1.461696034160623880e-01
1.213260514011310320e+01 1.454387553989820725e-01
1.250759376382594468e+01 1.447115616219871725e-01
1.244547622610935989e+01 1.439880038138772467e-01
1.228165714982231194e+01 1.432680637948078595e-01
1.229868148711018883e+01 1.425517234758338081e-01
1.227156355920929975e+01 1.418389648584546248e-01
1.211586312356210016e+01 1.411297700341623551e-01
1.194055628801686275e+01 1.404241211839915293e-01
1.220868077163430598e+01 1.397220005780715757e-01
1.250921416924380125e+01 1.390233905751812049e-01
1.307619720190641921e+01 1.383282736223052922e-01
1.208275078309350370e+01 1.376366322541937581e-01
1.265871462774947709e+01 1.369484490929227805e-01
1.300092099902904152e+01 1.362637068474581714e-01
1.242251308269124621e+01 1.355823883132208918e-01
1.218171457134138080e+01 1.349044763716547857e-01
1.210235167647214460e+01 1.342299539897965077e-01
1.248327468025465592e+01 1.335588042198475323e-01
1.206466206992243606e+01 1.328910101987482995e-01
1.208726990923755018e+01 1.322265551477545542e-01
1.254511146781456254e+01 1.315654223720157945e-01
1.215550258919929050e+01 1.309075952601557180e-01
1.229844347846170827e+01 1.302530572838549450e-01
1.194919117249590101e+01 1.296017919974356558e-01
1.297137655316682725e+01 1.289537830374484773e-01
1.192996356493417665e+01 1.283090141222612279e-01
1.201153698035561490e+01 1.276674690516499122e-01
1.277776826192084769e+01 1.270291317063916570e-01
1.212256327899482855e+01 1.263939860478597021e-01
1.187338601873154253e+01 1.257620161176203899e-01
1.239423077197019119e+01 1.251332060370322907e-01
1.211230012475473750e+01 1.245075400068471339e-01
1.209231271793863627e+01 1.238850023068129025e-01
1.197826962637117809e+01 1.232655772952788442e-01
1.223584379092650742e+01 1.226492494088024521e-01
1.233381457955984750e+01 1.220360031617584440e-01
1.222558992398216482e+01 1.214258231459496573e-01
1.258461429269787857e+01 1.208186940302199142e-01
1.257268695231890909e+01 1.202146005600688156e-01
1.263994132001607262e+01 1.196135275572684648e-01
1.208938773350482876e+01 1.190154599194821194e-01
1.252857238337911383e+01 1.184203826198847037e-01
1.209320014076655525e+01 1.178282807067852767e-01
1.221914509085864786e+01 1.172391393032513468e-01
1.225397256790920153e+01 1.166529436067350878e-01
1.206396726714491940e+01 1.160696788887014136e-01
1.262244349840048052e+01 1.154893304942578997e-01
1.230792628337423267e+01 1.149118838417866051e-01
1.242227416000908846e+01 1.143373244225776714e-01
1.233776007018951049e+01 1.137656378004647806e-01
1.204034914874170781e+01 1.131968096114624595e-01
1.197803693899270172e+01 1.126308255634051458e-01
1.269682497369015906e+01 1.120676714355881148e-01
1.194119755137434602e+01 1.115073330784101674e-01
1.265816636510376014e+01 1.109497964130181091e-01
1.203293441490820825e+01 1.103950474309530194e-01
1.214058692341950341e+01 1.098430721937982552e-01
1.204053266691090052e+01 1.092938568328292587e-01
1.217953127822786286e+01 1.087473875486651143e-01
1.217425216179442771e+01 1.082036506109217838e-01
1.204454695553304155e+01 1.076626323578671746e-01
1.253997910569725072e+01 1.071243191960778440e-01
1.197059938482279051e+01 1.065886976000974540e-01
1.220218334176436414e+01 1.060557541120969727e-01
1.206731987737035894e+01 1.055254753415364871e-01
1.207457352160350261e+01 1.049978479648288054e-01
1.183915976635145029e+01 1.044728587250046553e-01
1.196956599942803301e+01 1.039504944313796309e-01
1.186112221750441797e+01 1.034307419592227356e-01
1.209191681909939753e+01 1.029135882494266185e-01
1.221206207756569739e+01 1.023990203081794892e-01
1.273811095868139986e+01 1.018870252066385873e-01
1.199876042224177297e+01 1.013775900806053870e-01
1.220006268794610804e+01 1.008707021302023554e-01
1.216255127104673228e+01 1.003663486195513488e-01
1.275779675989032036e+01 9.986451687645359065e-02
1.233074579488293843e+01 9.936519429207131548e-02
1.215125774808098491e+01 9.886836832061095259e-02
1.226773788108014429e+01 9.837402647900789221e-02
1.197316360526320800e+01 9.788215634661284748e-02
1.204666992291689098e+01 9.739274556487978463e-02
1.207209735641972870e+01 9.690578183705537973e-02
1.218489152843007872e+01 9.642125292787009916e-02
1.232971165462542373e+01 9.593914666323075102e-02
1.205730252450250184e+01 9.545945092991459102e-02
1.204329215319824264e+01 9.498215367526502417e-02
1.191256334139555939e+01 9.450724290688869433e-02
1.233258900324544349e+01 9.403470669235425294e-02
1.213998515720400917e+01 9.356453315889248779e-02
1.233285366274298767e+01 9.309671049309801993e-02
1.214226009557162556e+01 9.263122694063252727e-02
1.241145252689299561e+01 9.216807080592936963e-02
1.221714783968099738e+01 9.170723045189972666e-02
1.204091350520543280e+01 9.124869429964023448e-02
1.213849830380784134e+01 9.079245082814203782e-02
1.183215977784985640e+01 9.033848857400132715e-02
1.203364869192469122e+01 8.988679613113131905e-02
1.207910731010339944e+01 8.943736215047566607e-02
1.227763730951274113e+01 8.899017533972328198e-02
1.226671696396623190e+01 8.854522446302466598e-02
1.198310995132650270e+01 8.810249834070954522e-02
1.192349650008015516e+01 8.766198584900600221e-02
1.225285988814279037e+01 8.722367591976097623e-02
1.206367369295751857e+01 8.678755754016216628e-02
1.186386427450661785e+01 8.635361975246134969e-02
1.189432664293897446e+01 8.592185165369904676e-02
1.218955930424700362e+01 8.549224239543054549e-02
1.207140064948868030e+01 8.506478118345339734e-02
1.268147118281236985e+01 8.463945727753613424e-02
1.210947913160275569e+01 8.421625999114845662e-02
1.234221001698992559e+01 8.379517869119271212e-02
1.189162914513294922e+01 8.337620279773674814e-02
1.184980232730976901e+01 8.295932178374806898e-02
1.225315241294721069e+01 8.254452517482932516e-02
1.193504129473916464e+01 8.213180254895517673e-02
1.195183491495100725e+01 8.172114353621040550e-02
1.196915071917632289e+01 8.131253781852935958e-02
1.223252474079060725e+01 8.090597512943671632e-02
1.221599254925569866e+01 8.050144525378953586e-02
1.219263628039490932e+01 8.009893802752059144e-02
1.176691349894410088e+01 7.969844333738299036e-02
1.190960109978019865e+01 7.929995112069607166e-02
1.205880639451026859e+01 7.890345136509259449e-02
1.210832645067377911e+01 7.850893410826713381e-02
1.212964363239295196e+01 7.811638943772579446e-02
1.198204789383878577e+01 7.772580749053716043e-02
1.203584625422848653e+01 7.733717845308447913e-02
1.205551499089674117e+01 7.695049256081905320e-02
1.203604085325649642e+01 7.656574009801496439e-02
1.215524329382957980e+01 7.618291139752489394e-02
1.218910991391457443e+01 7.580199684053727516e-02
1.189073897718427375e+01 7.542298685633458399e-02
1.195896173329493806e+01 7.504587192205290636e-02
1.221525681714246225e+01 7.467064256244264342e-02
1.197955595274733298e+01 7.429728934963042430e-02
1.192381878470253653e+01 7.392580290288226774e-02
1.204644457488706699e+01 7.355617388836785397e-02
1.182742042622379941e+01 7.318839301892601790e-02
1.198524169464639932e+01 7.282245105383139405e-02
1.221360954768058171e+01 7.245833879856224125e-02
1.198229031482546780e+01 7.209604710456943288e-02
1.212565033503048895e+01 7.173556686904658530e-02
1.193301840845293604e+01 7.137688903470135182e-02
1.212214356999858644e+01 7.102000458952784090e-02
1.196296239579655385e+01 7.066490456658020003e-02
1.248231717483205294e+01 7.031158004374729598e-02
1.200366313421032949e+01 6.996002214352856075e-02
1.195549855792928007e+01 6.961022203281092002e-02
1.204432068992953830e+01 6.926217092264685959e-02
1.178900033023663241e+01 6.891586006803362974e-02
1.234816985395564615e+01 6.857128076769346270e-02
1.244320846793688418e+01 6.822842436385499754e-02
1.213933315089733611e+01 6.788728224203571804e-02
1.196719267622084715e+01 6.754784583082554250e-02
1.203568601977514341e+01 6.721010660167141271e-02
1.186848431344855825e+01 6.687405606866304864e-02
1.222859633760049647e+01 6.653968578831973013e-02
1.198498284894285071e+01 6.620698735937813328e-02
1.196711494187050384e+01 6.587595242258123540e-02
1.228267458053884553e+01 6.554657266046833020e-02
1.186150084911013813e+01 6.521883979716598667e-02
1.194480690793646538e+01 6.489274559818015986e-02
1.200501953198527616e+01 6.456828187018925913e-02
1.203776609821372467e+01 6.424544046083831284e-02
1.211381787412546984e+01 6.392421325853411829e-02
1.211100584363274280e+01 6.360459219224144645e-02
1.231071899058357211e+01 6.328656923128024581e-02
1.193374176542395659e+01 6.297013638512384548e-02
1.191042753741050042e+01 6.265528570319822688e-02
1.197718704729678407e+01 6.234200927468223213e-02
1.205474644104450554e+01 6.203029922830882031e-02
1.190493864153432568e+01 6.172014773216727423e-02
1.203794032958685634e+01 6.141154699350643426e-02
1.216001126361063100e+01 6.110448925853890351e-02
1.211612184768010891e+01 6.079896681224621069e-02
1.199396382758205704e+01 6.049497197818497901e-02
1.213730939985706492e+01 6.019249711829405269e-02
1.209734847135497304e+01 5.989153463270258104e-02
1.187935081880727850e+01 5.959207695953906703e-02
1.188541169037755907e+01 5.929411657474137343e-02
1.192674701017910088e+01 5.899764599186766573e-02
1.183063211070186682e+01 5.870265776190832646e-02
1.216506578369461167e+01 5.840914447309878549e-02
1.183670675519994120e+01 5.811709875073329395e-02
1.193087237865359995e+01 5.782651325697962807e-02
1.193828981164914893e+01 5.753738069069472966e-02
1.186360576365584585e+01 5.724969378724125563e-02
1.206995044224604108e+01 5.696344531830505042e-02
1.188997889942350206e+01 5.667862809171352739e-02
1.199805881925357198e+01 5.639523495125495917e-02
1.218883834325400528e+01 5.611325877649868399e-02
1.187959212206731685e+01 5.583269248261619327e-02
1.196076622124495437e+01 5.555352902020311429e-02
1.197656248054389572e+01 5.527576137510210180e-02
1.184676739587434469e+01 5.499938256822659022e-02
1.216543596451690235e+01 5.472438565538545463e-02
1.199870617770424985e+01 5.445076372710852541e-02
1.188464418301695247e+01 5.417850990847298404e-02
1.189484032423017545e+01 5.390761735893061929e-02
1.199818972551464213e+01 5.363807927213596477e-02
1.174618170924252247e+01 5.336988887577528290e-02
1.202091161094855565e+01 5.310303943139640936e-02
1.201337705740515815e+01 5.283752423423943023e-02
1.203426029884316328e+01 5.257333661306823336e-02
1.203799794856395877e+01 5.231046993000289247e-02
1.184441484038875103e+01 5.204891758035287697e-02
1.179386772036337305e+01 5.178867299245111522e-02
1.193958753004023521e+01 5.152972962748886276e-02
1.207011123640178951e+01 5.127208097935141706e-02
1.173256621581931647e+01 5.101572057445465797e-02
1.191422568160712103e+01 5.076064197158238617e-02
1.192915561967038762e+01 5.050683876172447351e-02
1.185000484707060942e+01 5.025430456791585287e-02
1.190936408278044389e+01 5.000303304507627139e-02
1.193671666151292676e+01 4.975301787985089014e-02
1.193683648357149352e+01 4.950425279045163329e-02
1.194587952561219879e+01 4.925673152649937686e-02
1.213847273735554388e+01 4.901044786886687987e-02
1.195227970079092472e+01 4.876539562952254825e-02
1.175914762112687129e+01 4.852156865137493419e-02
1.190633601220484827e+01 4.827896080811806129e-02
1.186217191633111767e+01 4.803756600407747129e-02
1.184471510253476367e+01 4.779737817405708272e-02
1.180835364022202505e+01 4.755839128318679887e-02
1.190294212969399901e+01 4.732059932677086522e-02
1.185122435881617875e+01 4.708399633013701097e-02
1.186002783012899719e+01 4.684857634848632602e-02
1.191677534247965653e+01 4.661433346674389439e-02
1.193608590191581875e+01 4.638126179941017696e-02
1.199248151408836449e+01 4.614935549041312285e-02
1.204251195705173494e+01 4.591860871296105789e-02
1.181369251857933733e+01 4.568901566939625319e-02
1.193138056483449283e+01 4.546057059104927078e-02
1.187955286456446480e+01 4.523326773809402401e-02
1.193568868728159238e+01 4.500710139940355264e-02
1.180610323815054130e+01 4.478206589240653346e-02
1.185587306827000020e+01 4.455815556294449864e-02
1.183138310000387960e+01 4.433536478512977580e-02
1.213858213643447925e+01 4.411368796120412883e-02
1.201425555111147325e+01 4.389311952139810652e-02
1.219245489291662388e+01 4.367365392379111283e-02
1.198022792237532030e+01 4.345528565417215716e-02
1.194680246423188130e+01 4.323800922590129853e-02
1.190117210840308459e+01 4.302181917977179054e-02
1.186799693087400875e+01 4.280671008387293419e-02
1.185530071073946168e+01 4.259267653345356897e-02
1.205394558182858944e+01 4.237971315078629952e-02
1.190899464651573503e+01 4.216781458503236768e-02
1.184139942909074428e+01 4.195697551210720438e-02
1.194469891277873685e+01 4.174719063454666867e-02
1.199374870670002302e+01 4.153845468137393193e-02
1.193270752819090497e+01 4.133076240796706297e-02
1.190076594718569680e+01 4.112410859592723067e-02
1.188497566634123181e+01 4.091848805294759361e-02
1.202880641559054986e+01 4.071389561268285578e-02
1.176271374992874819e+01 4.051032613461943988e-02
1.177831266274747080e+01 4.030777450394634059e-02
1.197651800092019947e+01 4.010623563142660941e-02
1.185183573184893646e+01 3.990570445326947768e-02
1.184631829126121971e+01 3.970617593100313203e-02
1.189626340706295693e+01 3.950764505134811422e-02
1.182153182381131451e+01 3.931010682609137330e-02
1.181829041902354582e+01 3.911355629196091449e-02
1.188994134959559368e+01 3.891798851050110725e-02
1.200579060905785411e+01 3.872339856794860397e-02
1.175508486559552779e+01 3.852978157510886237e-02
1.173450214719580131e+01 3.833713266723332014e-02
1.185970229887715455e+01 3.814544700389715243e-02
1.193396370702220644e+01 3.795471976887766774e-02
1.176608561852620660e+01 3.776494617003327975e-02
1.199218253921918986e+01 3.757612143918311054e-02
1.201930987869418388e+01 3.738824083198719755e-02
1.180328770509670733e+01 3.720129962782726257e-02
1.185149905935416825e+01 3.701529312968812602e-02
1.174175920438035803e+01 3.683021666403968331e-02
1.191086355560450905e+01 3.664606558071948489e-02
1.184606670311025312e+01 3.646283525281588528e-02
1.189726175169187350e+01 3.628052107655180269e-02
1.181766078380324814e+01 3.609911847116904077e-02
1.193090439568222294e+01 3.591862287881319310e-02
1.186209053304928140e+01 3.573902976441912377e-02
1.188468083075934523e+01 3.556033461559703068e-02
1.210475321985299679e+01 3.538253294251904324e-02
1.203619165895828402e+01 3.520562027780644448e-02
1.195684245693758818e+01 3.502959217641741368e-02
1.176751485024909982e+01 3.485444421553532401e-02
1.189803725359499786e+01 3.468017199445764392e-02
1.172782414386682959e+01 3.450677113448535893e-02
1.178468682198071704e+01 3.433423727881293464e-02
1.200689718339990719e+01 3.416256609241886955e-02
1.193646898139485479e+01 3.399175326195677527e-02
1.185087873648000567e+01 3.382179449564699097e-02
1.192019344749479259e+01 3.365268552316875300e-02
1.178200975051296773e+01 3.348442209555290566e-02
1.186473974530710329e+01 3.331699998507513943e-02
1.177733867056355166e+01 3.315041498514976342e-02
1.188445482560278776e+01 3.298466291022401214e-02
1.188835212176252654e+01 3.281973959567289351e-02
1.180480087508193954e+01 3.265564089769452949e-02
1.192920504758145128e+01 3.249236269320605885e-02
1.182704168151326130e+01 3.232990087974002558e-02
1.177863912267085489e+01 3.216825137534132240e-02
1.190243330466408267e+01 3.200741011846461315e-02
1.183989650511512082e+01 3.184737306787228939e-02
1.178703458431432516e+01 3.168813620253292662e-02
1.194545849461690246e+01 3.152969552152026095e-02
1.200729733277992395e+01 3.137204704391265836e-02
1.189521260171053640e+01 3.121518680869309406e-02
1.199565926598167565e+01 3.105911087464962791e-02
1.179110980337948078e+01 3.090381532027637948e-02
1.184806227559553804e+01 3.074929624367499573e-02
1.177977370337266194e+01 3.059554976245662181e-02
1.184350509231509996e+01 3.044257201364434021e-02
1.197553729247669096e+01 3.029035915357611991e-02
1.195034143995447096e+01 3.013890735780824087e-02
1.183315216372798417e+01 2.998821282101920074e-02
1.175662100066935345e+01 2.983827175691410385e-02
1.175227179857418847e+01 2.968908039812953245e-02
1.191918720176831847e+01 2.954063499613888630e-02
1.186500714949138846e+01 2.939293182115819067e-02
1.181526075518505792e+01 2.924596716205240046e-02
1.185740804047925678e+01 2.909973732624213799e-02
1.174989316311641474e+01 2.895423863961092692e-02
1.184436889580291208e+01 2.880946744641287374e-02
1.175851632292721405e+01 2.866542010918081071e-02
1.185387409810476100e+01 2.852209300863490712e-02
1.185424401118933346e+01 2.837948254359173167e-02
1.188304880314369960e+01 2.823758513087377270e-02
1.174996387463950498e+01 2.809639720521940262e-02
1.180817878729518711e+01 2.795591521919330719e-02
1.188741137252306856e+01 2.781613564309734152e-02
1.184621794510271187e+01 2.767705496488185452e-02
1.191279763280188853e+01 2.753866969005744347e-02
1.176808883857040833e+01 2.740097634160715626e-02
1.178204733564416884e+01 2.726397145989912021e-02
1.175762994999121425e+01 2.712765160259962560e-02
1.179729259952326714e+01 2.699201334458662879e-02
1.184588029622404015e+01 2.685705327786369612e-02
1.183449237250473018e+01 2.672276801147437791e-02
1.186798337750463972e+01 2.658915417141700585e-02
1.182011116924972782e+01 2.645620840055992046e-02
1.185992419799715947e+01 2.632392735855712193e-02
1.179283052600831816e+01 2.619230772176433727e-02
1.179742857432654723e+01 2.606134618315551418e-02
1.188448234562233452e+01 2.593103945223973819e-02
1.178805044028312388e+01 2.580138425497853841e-02
1.180401935616344034e+01 2.567237733370364428e-02
1.182329566290095002e+01 2.554401544703512744e-02
1.175744291971004429e+01 2.541629536979995302e-02
1.178441684361540531e+01 2.528921389295095412e-02
1.179943860498897479e+01 2.516276782348619845e-02
1.182893333100653344e+01 2.503695398436876773e-02
1.178388806787489607e+01 2.491176921444692230e-02
1.182409711818780274e+01 2.478721036837468888e-02
1.181084974604478433e+01 2.466327431653281624e-02
1.178906386550205454e+01 2.453995794495015051e-02
1.179825531990345944e+01 2.441725815522539922e-02
1.198453657744473055e+01 2.429517186444927340e-02
1.176710201703021141e+01 2.417369600512702527e-02
1.177443669988100794e+01 2.405282752510138830e-02
1.175931590606152177e+01 2.393256338747588169e-02
1.180313358362775134e+01 2.381290057053850329e-02
1.184923415107438061e+01 2.369383606768581119e-02
1.181765609466897793e+01 2.357536688734738345e-02
1.184256872307228647e+01 2.345749005291064559e-02
1.176060227577175787e+01 2.334020260264609362e-02
1.183129936813366001e+01 2.322350158963286393e-02
1.180155421727993748e+01 2.310738408168469885e-02
1.177000480944417582e+01 2.299184716127627634e-02
1.194651933540101574e+01 2.287688792546989369e-02
1.179391369816981872e+01 2.276250348584254318e-02
1.176997679824788712e+01 2.264869096841333126e-02
1.176255526996641265e+01 2.253544751357126549e-02
1.184344097768182813e+01 2.242277027600340922e-02
1.173521286362579374e+01 2.231065642462339363e-02
1.178821838265663580e+01 2.219910314250027675e-02
1.175834472966202782e+01 2.208810762678777365e-02
1.171956111224052322e+01 2.197766708865383362e-02
1.176233857594870535e+01 2.186777875321056427e-02
1.177178831741492715e+01 2.175843985944451303e-02
1.186683935383891431e+01 2.164964766014729203e-02
1.179560992129468566e+01 2.154139942184655696e-02
1.173148038163421525e+01 2.143369242473732242e-02
1.176274763920248745e+01 2.132652396261363464e-02
1.179124549612697237e+01 2.121989134280056685e-02
1.181092394576027260e+01 2.111379188608656504e-02
1.177257007039932013e+01 2.100822292665613378e-02
1.172206065451774215e+01 2.090318181202285158e-02
1.174360148154566197e+01 2.079866590296273673e-02
1.183666433750543412e+01 2.069467257344792185e-02
1.177735269305262022e+01 2.059119921058068237e-02
1.176084277879982309e+01 2.048824321452777722e-02
1.177348979050064415e+01 2.038580199845513655e-02
1.182658336347570582e+01 2.028387298846286158e-02
1.180578063716104253e+01 2.018245362352054720e-02
1.174675464496376165e+01 2.008154135540294455e-02
1.184357861067152484e+01 1.998113364862592889e-02
1.177276702875657577e+01 1.988122798038280056e-02
1.181316190142892708e+01 1.978182184048088779e-02
1.178457055314845370e+01 1.968291273127848254e-02
1.172247022999532717e+01 1.958449816762208862e-02
1.180865202822485927e+01 1.948657567678397859e-02
1.172965145491328620e+01 1.938914279840005944e-02
1.175906942424767010e+01 1.929219708440805744e-02
1.177957876528511960e+01 1.919573609898601874e-02
1.170903525129749134e+01 1.909975741849108746e-02
1.174454261210043882e+01 1.900425863139863086e-02
1.178447532719332003e+01 1.890923733824163844e-02
1.181383154059392204e+01 1.881469115155042990e-02
1.176718277130055590e+01 1.872061769579267884e-02
1.185235366099587218e+01 1.862701460731371397e-02
1.171522694186852043e+01 1.853387953427714646e-02
1.174847032780462364e+01 1.844121013660576097e-02
1.177044693026349265e+01 1.834900408592273283e-02
1.173276179490135895e+01 1.825725906549311925e-02
1.182968905830308870e+01 1.816597277016565246e-02
1.172434311506840032e+01 1.807514290631482418e-02
1.173819016565424356e+01 1.798476719178325120e-02
1.174471305650240893e+01 1.789484335582433583e-02
1.178250882775691188e+01 1.780536913904521429e-02
1.176250320471517696e+01 1.771634229334998964e-02
1.181829845412439539e+01 1.762776058188323877e-02
1.172548022951392355e+01 1.753962177897382124e-02
1.179927016573981291e+01 1.745192367007895179e-02
1.179518118641112068e+01 1.736466405172855734e-02
1.173578053782769359e+01 1.727784073146991506e-02
1.185299029068801246e+01 1.719145152781256444e-02
1.178754610344637221e+01 1.710549427017350049e-02
1.186177785963187503e+01 1.701996679882263400e-02
1.177585634251460434e+01 1.693486696482852244e-02
1.176807679306766730e+01 1.685019263000437847e-02
1.182086826953204906e+01 1.676594166685435594e-02
1.178375012042620185e+01 1.668211195852008569e-02
1.177371674672966861e+01 1.659870139872748548e-02
1.175885607510625874e+01 1.651570789173384748e-02
1.175827218521818551e+01 1.643312935227517896e-02
1.175718711315523635e+01 1.635096370551380324e-02
1.187520083214271871e+01 1.626920888698623474e-02
1.180995576450449924e+01 1.618786284255130381e-02
1.177196556775679426e+01 1.610692352833854868e-02
1.174165892783421583e+01 1.602638891069685725e-02
1.174276628715347393e+01 1.594625696614337257e-02
1.173418108189154907e+01 1.586652568131265498e-02
1.178295594550837855e+01 1.578719305290609068e-02
1.173460074455784685e+01 1.570825708764156045e-02
1.180125947049032220e+01 1.562971580220335124e-02
1.177831237870982584e+01 1.555156722319233492e-02
1.176425851922114241e+01 1.547380938707637252e-02
1.179236646751992090e+01 1.539644034014099085e-02
1.178405231425691824e+01 1.531945813844028635e-02
1.175946386930739784e+01 1.524286084774808571e-02
1.171970182203051181e+01 1.516664654350934581e-02
1.174989955576362632e+01 1.509081331079179834e-02
1.173351777564455567e+01 1.501535924423783898e-02
1.173655999388208038e+01 1.494028244801664899e-02
1.173133267426280568e+01 1.486558103577656498e-02
1.176792186178759714e+01 1.479125313059768271e-02
1.174218206859953462e+01 1.471729686494469350e-02
1.180284577199503637e+01 1.464371038061997032e-02
1.174802449657689607e+01 1.457049182871687082e-02
1.174867750553153556e+01 1.449763936957328657e-02
1.171764219720040145e+01 1.442515117272541968e-02
1.176123095059622869e+01 1.435302541686179177e-02
1.175266384835758871e+01 1.428126028977748201e-02
1.173738975038383003e+01 1.420985398832859403e-02
1.175952488096944393e+01 1.413880471838695023e-02
1.179843767910744212e+01 1.406811069479501491e-02
1.178806716249368591e+01 1.399777014132103960e-02
1.174567649320759521e+01 1.392778129061443375e-02
1.177429377233879748e+01 1.385814238416136109e-02
1.170464643266660509e+01 1.378885167224055443e-02
1.176359993684358152e+01 1.371990741387935087e-02
1.177640211362592026e+01 1.365130787680995418e-02
1.174215082038977620e+01 1.358305133742590369e-02
1.173516801090004869e+01 1.351513608073877382e-02
1.176405889339054056e+01 1.344756040033508009e-02
1.174692437784946719e+01 1.338032259833340544e-02
1.178362756957514001e+01 1.331342098534173818e-02
1.172258334895199283e+01 1.324685388041503022e-02
1.171651508332501557e+01 1.318061961101295483e-02
1.172936552835524360e+01 1.311471651295788993e-02
1.174839161087998995e+01 1.304914293039310079e-02
1.174270908620994902e+01 1.298389721574113448e-02
1.174001630894353632e+01 1.291897772966242933e-02
1.179023051215536633e+01 1.285438284101411699e-02
1.171899489429379315e+01 1.279011092680904654e-02
1.176662358532565911e+01 1.272616037217500114e-02
1.174093031313463520e+01 1.266252957031412628e-02
1.173554617336227679e+01 1.259921692246255588e-02
1.174359708027762927e+01 1.253622083785024301e-02
1.172789185152755209e+01 1.247353973366099184e-02
1.176316773281763695e+01 1.241117203499268740e-02
1.170976114150264458e+01 1.234911617481772306e-02
1.173047015280220506e+01 1.228737059394363444e-02
1.180199655582157447e+01 1.222593374097391550e-02
1.174881661153234980e+01 1.216480407226904620e-02
1.170685641447182945e+01 1.210398005190770065e-02
1.174052386603322162e+01 1.204346015164816167e-02
1.176105125867135826e+01 1.198324285088992087e-02
1.173245660228962528e+01 1.192332663663547149e-02
1.171631548455104088e+01 1.186371000345229354e-02
1.172434368245850145e+01 1.180439145343503173e-02
1.171757564719436751e+01 1.174536949616785710e-02
1.174587256737018670e+01 1.168664264868701785e-02
1.170524162038558913e+01 1.162820943544358269e-02
1.178872441349109934e+01 1.157006838826636456e-02
1.172091952090416100e+01 1.151221804632503350e-02
1.173774757740537211e+01 1.145465695609340813e-02
1.173889063183592540e+01 1.139738367131294151e-02
1.172429103202554224e+01 1.134039675295637692e-02
1.172071415095055258e+01 1.128369476919159446e-02
1.171584175720317056e+01 1.122727629534563641e-02
1.173163869145722771e+01 1.117113991386890770e-02
1.173498422643104355e+01 1.111528421429956379e-02
1.172457478115190455e+01 1.105970779322806678e-02
1.175189885227430331e+01 1.100440925426192720e-02
1.171712192643503059e+01 1.094938720799061745e-02
1.170514524096999764e+01 1.089464027195066395e-02
1.176812102990427178e+01 1.084016707059091110e-02
1.172801457911761602e+01 1.078596623523795685e-02
1.173645079055035900e+01 1.073203640406176704e-02
1.172073626840816907e+01 1.067837622204145798e-02
1.171120825567766488e+01 1.062498434093125076e-02
1.171598019019886827e+01 1.057185941922659383e-02
1.175960931972429435e+01 1.051900012213046083e-02
1.172054777019392091e+01 1.046640512151980791e-02
1.172243963635750497e+01 1.041407309591220812e-02
1.175327286237995672e+01 1.036200273043264702e-02
1.174734240787759276e+01 1.031019271678048320e-02
1.171402369763671736e+01 1.025864175319658039e-02
1.170570249685986397e+01 1.020734854443059759e-02
1.171713844796745363e+01 1.015631180170844389e-02
1.173064832817051517e+01 1.010553024269990156e-02
1.173647253287449743e+01 1.005500259148640191e-02
1.172707763665005665e+01 1.000472757852896924e-02
1.171757996352913977e+01 9.954703940636324550e-03
