4.355252995882480036e+02 9.949999999999999289e+00
4.177984612337285739e+02 9.900249999999999773e+00
4.203681610059665559e+02 9.850748749999999276e+00
4.198596204174361333e+02 9.801495006249998809e+00
4.353509640181121654e+02 9.752487531218749339e+00
4.211967808239052147e+02 9.703725093562654891e+00
3.984810963949105940e+02 9.655206468094840844e+00
5.128029133547410083e+02 9.606930435754366115e+00
5.009504463650594630e+02 9.558895783575593441e+00
4.622885736086008706e+02 9.511101304657715971e+00
5.136213891810307359e+02 9.463545798134427756e+00
3.992417627768696775e+02 9.416228069143755874e+00
4.300010317644913584e+02 9.369146928798036456e+00
4.165180604892150313e+02 9.322301194154047010e+00
3.708747769326784010e+02 9.275689688183277326e+00
4.612662635074602804e+02 9.229311239742360229e+00
4.325361311323968607e+02 9.183164683543648010e+00
4.642314809718733386e+02 9.137248860125929184e+00
3.856170709812843711e+02 9.091562615825299787e+00
4.112278955678914940e+02 9.046104802746173235e+00
4.854323371610055915e+02 9.000874278732442946e+00
4.659905909188694295e+02 8.955869907338779967e+00
4.670024751713397109e+02 8.911090557802085144e+00
3.887867367115620141e+02 8.866535105013074514e+00
4.251464238598354086e+02 8.822202429488008590e+00
4.036220240964252639e+02 8.778091417340569080e+00
3.877302171771991084e+02 8.734200960253867052e+00
4.819016606908132303e+02 8.690529955452598543e+00
3.860819282072307033e+02 8.647077305675335168e+00
4.370820213996294683e+02 8.603841919146958617e+00
4.897092592790640424e+02 8.560822709551223042e+00
3.963522777058965971e+02 8.518018596003466669e+00
3.828993011679536380e+02 8.475428503023449522e+00
4.175400240463276305e+02 8.433051360508331484e+00
3.987175792354497048e+02 8.390886103705788912e+00
3.343866465602579297e+02 8.348931673187259150e+00
3.557184012590890916e+02 8.307187014821323601e+00
4.345553698143082215e+02 8.265651079747216912e+00
4.107285542709831816e+02 8.224322824348480054e+00
3.710774327920763653e+02 8.183201210226737743e+00
3.479185648001333675e+02 8.142285204175603752e+00
3.584656188607101512e+02 8.101573778154726568e+00
3.864618438100920343e+02 8.061065909263952278e+00
3.520649485824541784e+02 8.020760579717633121e+00
3.550331089571329244e+02 7.980656776819045284e+00
4.192373239856124769e+02 7.940753492934949698e+00
4.020635412765897172e+02 7.901049725470274510e+00
3.714958277963903015e+02 7.861544476842922791e+00
3.379633132437144241e+02 7.822236754458708141e+00
3.602825219531448511e+02 7.783125570686414640e+00
3.863915702037039068e+02 7.744209942832982918e+00
3.537798107650980342e+02 7.705488893118817906e+00
4.020720689167318369e+02 7.666961448653223599e+00
3.310347869029826597e+02 7.628626641409957720e+00
3.682887133643792481e+02 7.590483508202908070e+00
3.449644266905690984e+02 7.552531090661893209e+00
4.182232422005649823e+02 7.514768435208583952e+00
3.738112933202016279e+02 7.477194593032541192e+00
4.210969332160795489e+02 7.439808620067378087e+00
3.338957452442097633e+02 7.402609576967041249e+00
3.238318496498558261e+02 7.365596529082205635e+00
3.738750151017135295e+02 7.328768546436794651e+00
4.077755162900038499e+02 7.292124703704610411e+00
3.417058341034041291e+02 7.255664080186087439e+00
4.546100237788502909e+02 7.219385759785157397e+00
3.978649277690933559e+02 7.183288830986231943e+00
4.038381152878468470e+02 7.147372386831301050e+00
3.934900500673597890e+02 7.111635524897144123e+00
3.675672074272199552e+02 7.076077347272658358e+00
3.500728141252122327e+02 7.040696960536295457e+00
3.859253010538234889e+02 7.005493475733613806e+00
4.248729809863648939e+02 6.970466008354946119e+00
3.458214878646144257e+02 6.935613678313170993e+00
3.602711093390999508e+02 6.900935609921605263e+00
3.552762709748124053e+02 6.866430931871997601e+00
4.261322320603786125e+02 6.832098777212637586e+00
3.423428066942029773e+02 6.797938283326574016e+00
3.895787812126200720e+02 6.763948591909940689e+00
3.440200036343828742e+02 6.730128848950390541e+00
3.476798911674890746e+02 6.696478204705638149e+00
3.040036809401887012e+02 6.662995813682109691e+00
3.861157512990795908e+02 6.629680834613699503e+00
4.013102806614311930e+02 6.596532430440630534e+00
3.095496771536608094e+02 6.563549768288427622e+00
4.039721586353891212e+02 6.530732019446985781e+00
3.589350188567759119e+02 6.498078359349750421e+00
3.014900927004397317e+02 6.465587967553001469e+00
3.180256292705987562e+02 6.433260027715236085e+00
3.646534956529122269e+02 6.401093727576659731e+00
3.646156651271272722e+02 6.369088258938776725e+00
3.703676389358894312e+02 6.337242817644082926e+00
2.927414662604520572e+02 6.305556603555862338e+00
3.747393964949372958e+02 6.274028820538083195e+00
3.555983684471858055e+02 6.242658676435392628e+00
3.605002315754173878e+02 6.211445383053215252e+00
3.449768164147171206e+02 6.180388156137949451e+00
3.336932585855615798e+02 6.149486215357259589e+00
3.526084061758323287e+02 6.118738784280473020e+00
3.478358821100619593e+02 6.088145090359070366e+00
3.209121749087737498e+02 6.057704364907275263e+00
3.227957188832920679e+02 6.027415843082739144e+00
3.158576911025575100e+02 5.997278763867325502e+00
3.490763268453689534e+02 5.967292370047989181e+00
3.470835216771144474e+02 5.937455908197748933e+00
3.649315402575684857e+02 5.907768628656760335e+00
3.295499322008087120e+02 5.878229785513476635e+00
3.730706576664698559e+02 5.848838636585909079e+00
3.346325932166303687e+02 5.819594443402979600e+00
3.808347750686716040e+02 5.790496471185965000e+00
3.490951033054162735e+02 5.761543988830035268e+00
3.195814884845508459e+02 5.732736268885885167e+00
3.224115323417628360e+02 5.704072587541455519e+00
3.052686003152961689e+02 5.675552224603748641e+00
3.615746603926260150e+02 5.647174463480729933e+00
3.309015170690451555e+02 5.618938591163326279e+00
3.506180912792819413e+02 5.590843898207509710e+00
3.211505241527377734e+02 5.562889678716472552e+00
3.278441523646206406e+02 5.535075230322890505e+00
3.474735655241684071e+02 5.507399854171276310e+00
3.434493634081923119e+02 5.479862854900419578e+00
3.335683880513367399e+02 5.452463540625917204e+00
3.025745590022117426e+02 5.425201222922787281e+00
3.309090677310120441e+02 5.398075216808173593e+00
3.109166204989032849e+02 5.371084840724132725e+00
3.417197081713783859e+02 5.344229416520511755e+00
3.174177400260267063e+02 5.317508269437909441e+00
3.092993830888552793e+02 5.290920728090720004e+00
3.003781128702024148e+02 5.264466124450266626e+00
3.524306678748108652e+02 5.238143793828014871e+00
3.498078558512216318e+02 5.211953074858874935e+00
3.279228705714168655e+02 5.185893309484580271e+00
3.084179688517985483e+02 5.159963842937157708e+00
3.355714997268842126e+02 5.134164023722472159e+00
3.682239854061155597e+02 5.108493203603860167e+00
3.034781587609791700e+02 5.082950737585840706e+00
3.224985749547666956e+02 5.057535983897911258e+00
3.728132159575461628e+02 5.032248303978422044e+00
3.043236632500037899e+02 5.007087062458530191e+00
3.303499965935425848e+02 4.982051627146237394e+00
3.676232329271521166e+02 4.957141369010506615e+00
3.180508099225422143e+02 4.932355662165454291e+00
3.303099273634626343e+02 4.907693883854626904e+00
3.507164993350815507e+02 4.883155414435353947e+00
3.432929936121358310e+02 4.858739637363177266e+00
3.275231706587308054e+02 4.834445939176361229e+00
3.032805457635150219e+02 4.810273709480479276e+00
3.205472573826820053e+02 4.786222340933076858e+00
3.231063256793654546e+02 4.762291229228411638e+00
3.368494725524160458e+02 4.738479773082269197e+00
2.799627042964194743e+02 4.714787374216857785e+00
3.251353292145665250e+02 4.691213437345773229e+00
3.372176875925566151e+02 4.667757370159044683e+00
3.103931230180581338e+02 4.644418583308249637e+00
2.894805247943870654e+02 4.621196490391707989e+00
3.161121791716172424e+02 4.598090507939749827e+00
3.162799959398151373e+02 4.575100055400050714e+00
3.301769263559745582e+02 4.552224555123050465e+00
3.354692980921527123e+02 4.529463432347434981e+00
3.201031957514152850e+02 4.506816115185698024e+00
3.473759318792297677e+02 4.484282034609769596e+00
2.914863011714973595e+02 4.461860624436720713e+00
3.276699082606552906e+02 4.439551321314537446e+00
2.962932650848446201e+02 4.417353564707965141e+00
3.354299624978655743e+02 4.395266796884425453e+00
2.984627868466337759e+02 4.373290462900003561e+00
2.841079026497133668e+02 4.351424010585503765e+00
3.126451033282916683e+02 4.329666890532576140e+00
3.078183150227674787e+02 4.308018556079913353e+00
3.039242597004818549e+02 4.286478463299514097e+00
3.173830459962794635e+02 4.265046070983016691e+00
3.059639460007316529e+02 4.243720840628101953e+00
3.300582163901867148e+02 4.222502236424961808e+00
2.915712300993365034e+02 4.201389725242837159e+00
3.221405288371049664e+02 4.180382776616623275e+00
3.184623013273160268e+02 4.159480862733540008e+00
2.991951540125690485e+02 4.138683458419872174e+00
3.082325462707986503e+02 4.117990041127773004e+00
2.960820226280036422e+02 4.097400090922134197e+00
3.102880357859298783e+02 4.076913090467523482e+00
3.198810832336639578e+02 4.056528525015186126e+00
3.119379698608561284e+02 4.036245882390110395e+00
3.389954261882572837e+02 4.016064652978159621e+00
2.825705464493215118e+02 3.995984329713268668e+00
3.127795723525959488e+02 3.976004408064702123e+00
3.124822150776191165e+02 3.956124386024378659e+00
2.951154358936180415e+02 3.936343764094256681e+00
3.129590193775226226e+02 3.916662045273785253e+00
3.170864343545125053e+02 3.897078735047416309e+00
3.039469777138364179e+02 3.877593341372179037e+00
3.079539497484316257e+02 3.858205374665318210e+00
3.109144600825260909e+02 3.838914347791991588e+00
3.246050124162734960e+02 3.819719776053031701e+00
3.056372111603854478e+02 3.800621177172766707e+00
2.850518684886052938e+02 3.781618071286902971e+00
3.055416624546173239e+02 3.762709980930468490e+00
3.197081017088990507e+02 3.743896431025816263e+00
3.372901684068621648e+02 3.725176948870687177e+00
3.155894495937789657e+02 3.706551064126333728e+00
3.122036385492708064e+02 3.688018308805701917e+00
3.033498988354619428e+02 3.669578217261673547e+00
2.975184765713206048e+02 3.651230326175365359e+00
3.065040074446460494e+02 3.632974174544488566e+00
3.044333311453881379e+02 3.614809303671766116e+00
3.171949164683587696e+02 3.596735257153407250e+00
2.974380530800655151e+02 3.578751580867640225e+00
3.059955618982826877e+02 3.560857822963301889e+00
2.935611272029468068e+02 3.543053533848485426e+00
3.040474841207310988e+02 3.525338266179243174e+00
3.050011168153080803e+02 3.507711574848346725e+00
3.010301309079042085e+02 3.490173016974104758e+00
3.081211170723878467e+02 3.472722151889234166e+00
3.047282756476695340e+02 3.455358541129788019e+00
3.027729683670067402e+02 3.438081748424139050e+00
3.302078225293543028e+02 3.420891339682018195e+00
3.280863262353117307e+02 3.403786882983608209e+00
3.035011204159865770e+02 3.386767948568690123e+00
3.021617284115733355e+02 3.369834108825846553e+00
2.968871646770859911e+02 3.352984938281717398e+00
2.930044239987886954e+02 3.336220013590308842e+00
3.042885567691153028e+02 3.319538913522357415e+00
3.130879273331436821e+02 3.302941218954745572e+00
3.090237603162070172e+02 3.286426512859971893e+00
2.931239034504263259e+02 3.269994380295671910e+00
3.041782920507653216e+02 3.253644408394193555e+00
3.230343226642264085e+02 3.237376186352222351e+00
3.173191717563856855e+02 3.221189305420461224e+00
3.107235346498756030e+02 3.205083358893358714e+00
2.789805373976600436e+02 3.189057942098891818e+00
3.261662707100946363e+02 3.173112652388397237e+00
2.883728817444479091e+02 3.157247089126455020e+00
3.036139048637720066e+02 3.141460853680822840e+00
2.866415002209170666e+02 3.125753549412418675e+00
3.193263715677834966e+02 3.110124781665356775e+00
2.936662045306332516e+02 3.094574157757029820e+00
3.213684450765716747e+02 3.079101286968244811e+00
3.006801598910589632e+02 3.063705780533403367e+00
2.903010651352258833e+02 3.048387251630736205e+00
2.981444672886495937e+02 3.033145315372582473e+00
2.909825868086377341e+02 3.017979588795719703e+00
3.004287673016761460e+02 3.002889690851741289e+00
3.011928115311586112e+02 2.987875242397482367e+00
2.940352790203374411e+02 2.972935866185494991e+00
2.914495804575418560e+02 2.958071186854567713e+00
2.913132939829936277e+02 2.943280830920294910e+00
2.891910350826048557e+02 2.928564426765693618e+00
2.971441813244306900e+02 2.913921604631865225e+00
2.843817624727394673e+02 2.899351996608706017e+00
2.857732156224522555e+02 2.884855236625662567e+00
2.804494845359280362e+02 2.870430960442534207e+00
2.915422598086316839e+02 2.856078805640321683e+00
3.116479951093169234e+02 2.841798411612120212e+00
3.178261917551428155e+02 2.827589419554059624e+00
3.038338841555329282e+02 2.813451472456289348e+00
3.191608818439971742e+02 2.799384215094007811e+00
3.217626363104100733e+02 2.785387294018537574e+00
2.965814264152043052e+02 2.771460357548444886e+00
2.951636439032432691e+02 2.757603055760702748e+00
2.958456487583266039e+02 2.743815040481899281e+00
2.875572782535257375e+02 2.730095965279489612e+00
2.907377863556598072e+02 2.716445485453092168e+00
2.855190448142283230e+02 2.702863258025826720e+00
2.873735062271973675e+02 2.689348941735697718e+00
2.945702930731150104e+02 2.675902197027019369e+00
2.901635805930374659e+02 2.662522686041884246e+00
3.075869460354821854e+02 2.649210072611674960e+00
2.806122552216932036e+02 2.635964022248616700e+00
2.731071622153276621e+02 2.622784202137373732e+00
2.988173264116704786e+02 2.609670281126686753e+00
2.877451904552614224e+02 2.596621929721053323e+00
2.764487284178410960e+02 2.583638820072447828e+00
2.915481610399330634e+02 2.570720625972085394e+00
2.870586706869474938e+02 2.557867022842224891e+00
2.924403797692357330e+02 2.545077687728013682e+00
2.865770923664933889e+02 2.532352299289373665e+00
2.856328596473669563e+02 2.519690537792926843e+00
3.044784810053362776e+02 2.507092085103962198e+00
2.800707601071855493e+02 2.494556624678442525e+00
3.050287795957685830e+02 2.482083841555050352e+00
2.863090289344919483e+02 2.469673422347275160e+00
2.843379073125595937e+02 2.457325055235538791e+00
2.865995210769505661e+02 2.445038429959361270e+00
2.811649253156354007e+02 2.432813237809564377e+00
3.051492533013313846e+02 2.420649171620516515e+00
2.826575521389950154e+02 2.408545925762413997e+00
2.825786552203438191e+02 2.396503196133601854e+00
2.886365545482892117e+02 2.384520680152933725e+00
2.821515834455896083e+02 2.372598076752169050e+00
2.924670453765834850e+02 2.360735086368408009e+00
2.934725653918313242e+02 2.348931410936565989e+00
3.097712280638747870e+02 2.337186753881883128e+00
2.777054026275524734e+02 2.325500820112473832e+00
2.911749184969062298e+02 2.313873316011911374e+00
3.101276408127053514e+02 2.302303949431852015e+00
2.791461438842206917e+02 2.290792429684692877e+00
2.858971985540852074e+02 2.279338467536269341e+00
2.908459025944347331e+02 2.267941775198587973e+00
2.875429558422720220e+02 2.256602066322594968e+00
2.902634853265203674e+02 2.245319055990981916e+00
2.935242648404826014e+02 2.234092460711027073e+00
2.758735152709737690e+02 2.222921998407471733e+00
2.838453470636266047e+02 2.211807388415434339e+00
2.724091547131089328e+02 2.200748351473357012e+00
2.849220031017751467e+02 2.189744609715990276e+00
2.796020733442496748e+02 2.178795886667410198e+00
2.867322240824591404e+02 2.167901907234073278e+00
2.866793122250140868e+02 2.157062397697902867e+00
2.833191531352815105e+02 2.146277085709413335e+00
2.886379252642377651e+02 2.135545700280866210e+00
2.837244557248490651e+02 2.124867971779461850e+00
2.854971491296460044e+02 2.114243631920564415e+00
2.799313202022726159e+02 2.103672413760961479e+00
2.821186769639236331e+02 2.093154051692156514e+00
2.913556119451734503e+02 2.082688281433695554e+00
2.734187126244725050e+02 2.072274840026527176e+00
2.905656045002168071e+02 2.061913465826394454e+00
2.782696506816402007e+02 2.051603898497262435e+00
2.683713625557600153e+02 2.041345879004776265e+00
2.884698527334898586e+02 2.031139149609752170e+00
2.846869557353363120e+02 2.020983453861703527e+00
2.906965764525154441e+02 2.010878536592394905e+00
2.933870120633479814e+02 2.000824143909432973e+00
2.788750167101817965e+02 1.990820023189885823e+00
2.835233870345723517e+02 1.980865923073936496e+00
2.910296053641174012e+02 1.970961593458566696e+00
2.734406509344020151e+02 1.961106785491273818e+00
2.757883094648405518e+02 1.951301251563817507e+00
2.797187237335371606e+02 1.941544745305998410e+00
2.802857196258124191e+02 1.931837021579468461e+00
2.951866447257438608e+02 1.922177836471571144e+00
2.861214353306557427e+02 1.912566947289213282e+00
2.666250991447881802e+02 1.903004112552767246e+00
2.920264022106964603e+02 1.893489091990003370e+00
2.776026218190843906e+02 1.884021646530053440e+00
2.795779241189196114e+02 1.874601538297403058e+00
2.699442586988403718e+02 1.865228530605915980e+00
2.699255529279622010e+02 1.855902387952886423e+00
2.750298088604139366e+02 1.846622876013122028e+00
2.730728395657734495e+02 1.837389761633056340e+00
2.871986887055798547e+02 1.828202812824891055e+00
2.751112970853278057e+02 1.819061798760766679e+00
2.772937399093925137e+02 1.809966489766962727e+00
2.786383246084048437e+02 1.800916657318127889e+00
2.859115018489862337e+02 1.791912074031537294e+00
2.793988100887091264e+02 1.782952513661379523e+00
2.898895313356594556e+02 1.774037751093072712e+00
2.951432729643373705e+02 1.765167562337607299e+00
2.708754082393671183e+02 1.756341724525919190e+00
2.825582269862991325e+02 1.747560015903289576e+00
2.865692326233282188e+02 1.738822215823773165e+00
2.808591537657342769e+02 1.730128104744654394e+00
2.743292258415930860e+02 1.721477464220931175e+00
2.791073871784160474e+02 1.712870076899826621e+00
2.795593209461472952e+02 1.704305726515327413e+00
2.768214823211952194e+02 1.695784197882750810e+00
2.783281474328246645e+02 1.687305276893336980e+00
2.910965038657907371e+02 1.678868750508870189e+00
2.773350173911433103e+02 1.670474406756325747e+00
2.763678092699350941e+02 1.662122034722544051e+00
2.766127492468957030e+02 1.653811424548931264e+00
2.787196372028939777e+02 1.645542367426186647e+00
2.892710806150450367e+02 1.637314655589055645e+00
2.796205109933490007e+02 1.629128082311110282e+00
2.732436760792004975e+02 1.620982441899554649e+00
2.753925658148597222e+02 1.612877529690056821e+00
2.728836328675378127e+02 1.604813142041606522e+00
2.816985387178039559e+02 1.596789076331398549e+00
2.726509175571855508e+02 1.588805130949741518e+00
2.749892628290500625e+02 1.580861105294992797e+00
2.701589033402397604e+02 1.572956799768517877e+00
2.845994509535657357e+02 1.565092015769675271e+00
2.770687434293950560e+02 1.557266555690826948e+00
2.731814698718276304e+02 1.549480222912372751e+00
2.819987034404484234e+02 1.541732821797810793e+00
2.679969062778834541e+02 1.534024157688821832e+00
2.748364435400343382e+02 1.526354036900377631e+00
2.794304865733782322e+02 1.518722266715875735e+00
2.726106002095552867e+02 1.511128655382296460e+00
2.703102486310673953e+02 1.503573012105384965e+00
2.830461835569294635e+02 1.496055147044857980e+00
2.662919581057576011e+02 1.488574871309633618e+00
2.773290552640136184e+02 1.481131996953085395e+00
2.669495280198207183e+02 1.473726336968320005e+00
2.770679672903281130e+02 1.466357705283478419e+00
2.755329750005147389e+02 1.459025916757060948e+00
2.653119257810199656e+02 1.451730787173275639e+00
2.729648311598576242e+02 1.444472133237409306e+00
2.730562480093091722e+02 1.437249772571222328e+00
2.726595825813954548e+02 1.430063523708366313e+00
2.744851169503909887e+02 1.422913206089824412e+00
2.759549422680884732e+02 1.415798640059375391e+00
2.684244990371874451e+02 1.408719646859078578e+00
2.745161328575794073e+02 1.401676048624783233e+00
2.739297969995333801e+02 1.394667668381659231e+00
2.658049842298084968e+02 1.387694330039750845e+00
2.721846731941952271e+02 1.380755858389552060e+00
2.720832366157395086e+02 1.373852079097604317e+00
2.835034096900025702e+02 1.366982818702116242e+00
2.728092990124716835e+02 1.360147904608605574e+00
2.771517481830222778e+02 1.353347165085562631e+00
2.808787334511135896e+02 1.346580429260134881e+00
2.766924985153580110e+02 1.339847527113834147e+00
2.717187070315231949e+02 1.333148289478264914e+00
2.698191335111822013e+02 1.326482548030873510e+00
2.714995682486393775e+02 1.319850135290719040e+00
2.819153557997473172e+02 1.313250884614265424e+00
2.768609854568167066e+02 1.306684630191194074e+00
2.695998704616953887e+02 1.300151207040238122e+00
2.732513547180275850e+02 1.293650451005036839e+00
2.696474498129836661e+02 1.287182198750011608e+00
2.768067110285495005e+02 1.280746287756261648e+00
2.747708581801302898e+02 1.274342556317480391e+00
2.719877001997882076e+02 1.267970843535892955e+00
2.747175535285197157e+02 1.261630989318213381e+00
2.707913673725594776e+02 1.255322834371622287e+00
2.735034739865622555e+02 1.249046220199764079e+00
2.692962664010679532e+02 1.242800989098765241e+00
2.708339256143975717e+02 1.236586984153271507e+00
2.840922604679553842e+02 1.230404049232505237e+00
2.726253602886826002e+02 1.224252028986342777e+00
2.725045517291232500e+02 1.218130768841411138e+00
2.646794687131392152e+02 1.212040114997203988e+00
2.711892510832146286e+02 1.205979914422217858e+00
2.693319026292422222e+02 1.199950014850106772e+00
2.728318413834655871e+02 1.193950264775856196e+00
2.671268061951486175e+02 1.187980513451976972e+00
2.690184121391757799e+02 1.182040610884717013e+00
2.659541392809790636e+02 1.176130407830293434e+00
2.718195856785854403e+02 1.170249755791141988e+00
2.716265681369807226e+02 1.164398507012186279e+00
2.700291973570649020e+02 1.158576514477125396e+00
2.698929411534152791e+02 1.152783631904739758e+00
2.711437566871588274e+02 1.147019713745216052e+00
2.715893428510452736e+02 1.141284615176489936e+00
2.684208131188141806e+02 1.135578192100607398e+00
2.765828840583020565e+02 1.129900301140104313e+00
2.717634851810054215e+02 1.124250799634403775e+00
2.692513390642732247e+02 1.118629545636231848e+00
2.700775465194066669e+02 1.113036397908050645e+00
2.671763103064026268e+02 1.107471215918510277e+00
2.643676768361249287e+02 1.101933859838917673e+00
2.766127675862234696e+02 1.096424190539723176e+00
2.690102788080524761e+02 1.090942069587024665e+00
2.717036976215231903e+02 1.085487359239089455e+00
2.755922599932547996e+02 1.080059922442893949e+00
2.725291588139905912e+02 1.074659622830679506e+00
2.764352023122805804e+02 1.069286324716526071e+00
2.663471826973059819e+02 1.063939893092943345e+00
2.754475763016195060e+02 1.058620193627478612e+00
2.652007355830111237e+02 1.053327092659341213e+00
2.730162527205752099e+02 1.048060457196044570e+00
2.683952813291012376e+02 1.042820154910064412e+00
2.651034690393682922e+02 1.037606054135514100e+00
2.708001428728321116e+02 1.032418023864836609e+00
2.680437713001523434e+02 1.027255933745512495e+00
2.732808132114076898e+02 1.022119654076784956e+00
2.732880622944022093e+02 1.017009055806401108e+00
2.691968828625268202e+02 1.011924010527369022e+00
2.664642054128032669e+02 1.006864390474732085e+00
2.706332894550453716e+02 1.001830068522358452e+00
2.665729870457658990e+02 9.968209181797466067e-01
2.702480898499637192e+02 9.918368135888478987e-01
2.677839606570636306e+02 9.868776295209036320e-01
2.703637778843234400e+02 9.819432413732991360e-01
2.648355957241494707e+02 9.770335251664326037e-01
2.705999822814902132e+02 9.721483575406004718e-01
2.674149957277696785e+02 9.672876157528974561e-01
2.661207775514689615e+02 9.624511776741330182e-01
2.722330136127918081e+02 9.576389217857623759e-01
2.714413162233831827e+02 9.528507271768336118e-01
2.700980428045778012e+02 9.480864735409494370e-01
2.670186227889207089e+02 9.433460411732447204e-01
2.676911868804269830e+02 9.386293109673784496e-01
2.649170114582477140e+02 9.339361644125415696e-01
2.641934643429954690e+02 9.292664835904788090e-01
2.718145013908061287e+02 9.246201511725263833e-01
2.672424504893993458e+02 9.199970504166637975e-01
2.649635001950940136e+02 9.153970651645805257e-01
2.679976017225591818e+02 9.108200798387575681e-01
2.661604712292155455e+02 9.062659794395637736e-01
2.650003620508163067e+02 9.017346495423659292e-01
2.664543648513536027e+02 8.972259762946540596e-01
2.650328399633000345e+02 8.927398464131808264e-01
2.694058472543966900e+02 8.882761471811149168e-01
2.658455424742265905e+02 8.838347664452093078e-01
2.667824989762386281e+02 8.794155926129832990e-01
2.699868664289517142e+02 8.750185146499184219e-01
2.686958379513188788e+02 8.706434220766687826e-01
2.695250401106229106e+02 8.662902049662853932e-01
2.672800408479016596e+02 8.619587539414539368e-01
2.681536660441043978e+02 8.576489601717466327e-01
2.644464519446761983e+02 8.533607153708878679e-01
2.671376254713021581e+02 8.490939117940333736e-01
2.682265238566264998e+02 8.448484422350631684e-01
2.645544867791744537e+02 8.406242000238878243e-01
2.707509399061303270e+02 8.364210790237683879e-01
2.649763778850186213e+02 8.322389736286495143e-01
2.704707443381954022e+02 8.280777787605062557e-01
2.642756647890625459e+02 8.239373898667037288e-01
2.643569116514631787e+02 8.198177029173702168e-01
2.678529387771690153e+02 8.157186144027833707e-01
2.722491834474257075e+02 8.116400213307694012e-01
2.694906925014179251e+02 8.075818212241155925e-01
2.663549365481274549e+02 8.035439121179950295e-01
2.652040403905414792e+02 7.995261925574050910e-01
2.632515584782972837e+02 7.955285615946180444e-01
2.672405084257001135e+02 7.915509187866449636e-01
2.697026778743767750e+02 7.875931641927117477e-01
2.669762023514093698e+02 7.836551983717482406e-01
2.638277101115921823e+02 7.797369223798894522e-01
2.655895816178662017e+02 7.758382377679899911e-01
2.654919104791695190e+02 7.719590465791500433e-01
2.679245812763968502e+02 7.680992513462543414e-01
2.695410582452695394e+02 7.642587550895230120e-01
2.734261134073884705e+02 7.604374613140754136e-01
2.674512381725498926e+02 7.566352740075050765e-01
2.650238788631149873e+02 7.528520976374675211e-01
2.685004776760172263e+02 7.490878371492801779e-01
2.614934347166596922e+02 7.453423979635337426e-01
2.644089820018432420e+02 7.416156859737160767e-01
2.700237506109749575e+02 7.379076075438475435e-01
2.685444521244843941e+02 7.342180695061283346e-01
2.607400685687514965e+02 7.305469791585976758e-01
2.647068136508049747e+02 7.268942442628046896e-01
2.660557327899164761e+02 7.232597730414906945e-01
2.625707325536120038e+02 7.196434741762832710e-01
2.662606936759952987e+02 7.160452568054018752e-01
2.633412726897707330e+02 7.124650305213748869e-01
2.679682075788829820e+02 7.089027053687679825e-01
2.718312080137674798e+02 7.053581918419241648e-01
2.677482138828033840e+02 7.018314008827145623e-01
2.657248286183751702e+02 6.983222438783009967e-01
2.649582880317865943e+02 6.948306326589095416e-01
2.620050199372471411e+02 6.913564794956149617e-01
2.730946320468215163e+02 6.878996970981369197e-01
2.659766026657813995e+02 6.844601986126462867e-01
2.669905919071613880e+02 6.810378976195829992e-01
2.615093734569175581e+02 6.776327081314851286e-01
2.672260101991112151e+02 6.742445445908277213e-01
2.649740119514469257e+02 6.708733218678736288e-01
2.650617142304635649e+02 6.675189552585342190e-01
2.670710696725611797e+02 6.641813604822415229e-01
2.650267687459730723e+02 6.608604536798302620e-01
2.696601121710854727e+02 6.575561514114310890e-01
2.620334085247841358e+02 6.542683706543739319e-01
2.641530691743048465e+02 6.509970288011021067e-01
2.671184304984025175e+02 6.477420436570966444e-01
2.651208028435867732e+02 6.445033334388111657e-01
2.647146392263450139e+02 6.412808167716170793e-01
2.645175258115428392e+02 6.380744126877589961e-01
2.624613414342016995e+02 6.348840406243202450e-01
2.641279079380975645e+02 6.317096204211986032e-01
2.673866489399845250e+02 6.285510723190925741e-01
2.638492729750294643e+02 6.254083169574971013e-01
2.623325980874339507e+02 6.222812753727096080e-01
2.646101097818105927e+02 6.191698689958460289e-01
2.631535111302324594e+02 6.160740196508668332e-01
2.655173357322351535e+02 6.129936495526124851e-01
2.617560824342374417e+02 6.099286813048494515e-01
2.600794178554431255e+02 6.068790378983252021e-01
2.642497520194184517e+02 6.038446427088335344e-01
2.624258004224284946e+02 6.008254194952893368e-01
2.650618655658333864e+02 5.978212923978128979e-01
2.646497213801241628e+02 5.948321859358238761e-01
2.606640298902811423e+02 5.918580250061447057e-01
2.652756824347861198e+02 5.888987348811139944e-01
2.618106811647134577e+02 5.859542412067084705e-01
2.643353175303373632e+02 5.830244700006749214e-01
2.693190824420558442e+02 5.801093476506715696e-01
2.603374746690648180e+02 5.772088009124182184e-01
2.633621000937485519e+02 5.743227569078561690e-01
2.643741598690394312e+02 5.714511431233169070e-01
2.619592489957202019e+02 5.685938874077003380e-01
2.629224678964741884e+02 5.657509179706617930e-01
2.639484714268803032e+02 5.629221633808084713e-01
2.622880541936542045e+02 5.601075525639044317e-01
2.618607409817189478e+02 5.573070148010849101e-01
2.608199549793320102e+02 5.545204797270795183e-01
2.642279495743867983e+02 5.517478773284441029e-01
2.649252117996540505e+02 5.489891379418019302e-01
2.617532462817598571e+02 5.462441922520928639e-01
2.614611215284858758e+02 5.435129712908324251e-01
2.629725799009979141e+02 5.407954064343782896e-01
2.615964338206886737e+02 5.380914294022064448e-01
2.625784100168237956e+02 5.354009722551954509e-01
2.664612854919972733e+02 5.327239673939194731e-01
2.619374343877934166e+02 5.300603475569498624e-01
2.653757245478716982e+02 5.274100458191650631e-01
2.618409210521434716e+02 5.247729955900691801e-01
2.651981803190095661e+02 5.221491306121188725e-01
2.647583036993178212e+02 5.195383849590582415e-01
2.660079133627977512e+02 5.169406930342629325e-01
2.629650716636987227e+02 5.143559895690915651e-01
2.630325853055740595e+02 5.117842096212461556e-01
2.606164751462765139e+02 5.092252885731398671e-01
2.637900622691328749e+02 5.066791621302741966e-01
2.620125021526676505e+02 5.041457663196228234e-01
2.631120924071803984e+02 5.016250374880246721e-01
2.627534316245955210e+02 4.991169123005845254e-01
2.668615938245565076e+02 4.966213277390815750e-01
2.621454225870710957e+02 4.941382211003861880e-01
2.613987571121852511e+02 4.916675299948842781e-01
2.622231191823877339e+02 4.892091923449098378e-01
2.585769757570606657e+02 4.867631463831852967e-01
2.619545909996800788e+02 4.843293306512693741e-01
2.659807114867224414e+02 4.819076839980130367e-01
2.623861400101447998e+02 4.794981455780229496e-01
2.600139400607113203e+02 4.771006548501328104e-01
2.610510918461333745e+02 4.747151515758821216e-01
2.586510963142538913e+02 4.723415758180027346e-01
2.613554239812506808e+02 4.699798679389127209e-01
2.604704809558570560e+02 4.676299685992181820e-01
2.614726050345038857e+02 4.652918187562221086e-01
2.668245776177437847e+02 4.629653596624410117e-01
2.634117181989901724e+02 4.606505328641288255e-01
2.656254438683876060e+02 4.583472801998081936e-01
2.591307143462863678e+02 4.560555437988091376e-01
2.605627031086740431e+02 4.537752660798151094e-01
2.672495702533673807e+02 4.515063897494160372e-01
2.628889605719886617e+02 4.492488578006689770e-01
2.632602971636877101e+02 4.470026135116656474e-01
2.591326609067560867e+02 4.447676004441072917e-01
2.619478930251859765e+02 4.425437624418867566e-01
2.632257251299105860e+02 4.403310436296773434e-01
2.630927856009339507e+02 4.381293884115289305e-01
2.617562341891728011e+02 4.359387414694712581e-01
2.641020627591354923e+02 4.337590477621238727e-01
2.623091887509715434e+02 4.315902525233132336e-01
2.590143255278468928e+02 4.294323012606966472e-01
2.603738158717917486e+02 4.272851397543931395e-01
2.633595496577833615e+02 4.251487140556211575e-01
2.628605128273339915e+02 4.230229704853430417e-01
2.599111443149717502e+02 4.209078556329163279e-01
2.627377042902469384e+02 4.188033163547517645e-01
2.650180270591895919e+02 4.167092997729779924e-01
2.595753030650555502e+02 4.146257532741131069e-01
2.608995112651673480e+02 4.125526245077425491e-01
2.611640436352277561e+02 4.104898613852038247e-01
2.621191741857912803e+02 4.084374120782778284e-01
2.603564591722640671e+02 4.063952250178864412e-01
2.622180759707587754e+02 4.043632488927970114e-01
2.597285130254041974e+02 4.023414326483329972e-01
2.642979343853054388e+02 4.003297254850913256e-01
2.619583601851417143e+02 3.983280768576658581e-01
2.618104397079658838e+02 3.963364364733775180e-01
2.623084068817615275e+02 3.943547542910106340e-01
2.603286260447534346e+02 3.923829805195555576e-01
2.615476425803018401e+02 3.904210656169577742e-01
2.604004316079495993e+02 3.884689602888730109e-01
2.612306114461675293e+02 3.865266154874286708e-01
2.594366406110912067e+02 3.845939824099915416e-01
2.606879294226672528e+02 3.826710124979416094e-01
2.600552821178795853e+02 3.807576574354519239e-01
2.627313286999150819e+02 3.788538691482746801e-01
2.605704890194530208e+02 3.769595998025332961e-01
2.624484342223659610e+02 3.750748018035206521e-01
2.597238500128985379e+02 3.731994277945030469e-01
2.589601251351953692e+02 3.713334306555305386e-01
2.599849675178840016e+02 3.694767635022528918e-01
2.587771112912502076e+02 3.676293796847416306e-01
2.627886797211122598e+02 3.657912327863179214e-01
2.620071780775089678e+02 3.639622766223863382e-01
2.601526392580883567e+02 3.621424652392744026e-01
2.604386505186815839e+02 3.603317529130780072e-01
2.604521674165141008e+02 3.585300941485126125e-01
2.620270840410059350e+02 3.567374436777700497e-01
2.605831495833308509e+02 3.549537564593812089e-01
2.600831315142973494e+02 3.531789876770842773e-01
2.603371912836180968e+02 3.514130927386988623e-01
2.599259653630461457e+02 3.496560272750053877e-01
2.616777090920028286e+02 3.479077471386303744e-01
2.587603371322392150e+02 3.461682084029372164e-01
2.611001643069274110e+02 3.444373673609225084e-01
2.600562667543367183e+02 3.427151805241178684e-01
2.578859856014234424e+02 3.410016046214972563e-01
2.613175001793712795e+02 3.392965965983897880e-01
2.584585185095453426e+02 3.376001136153978233e-01
2.593707378822773535e+02 3.359121130473208261e-01
2.600852146336150668e+02 3.342325524820842220e-01
2.576315565172279207e+02 3.325613897196738056e-01
2.586405676868881187e+02 3.308985827710754224e-01
2.611070572071835727e+02 3.292440898572200347e-01
2.573994519246774075e+02 3.275978694079339504e-01
2.594395697575162103e+02 3.259598800608942692e-01
2.591716666306358547e+02 3.243300806605897701e-01
2.598052280926422100e+02 3.227084302572867935e-01
2.596623135171718104e+02 3.210948881060003424e-01
2.599521426821497698e+02 3.194894136654703454e-01
2.597943260248987372e+02 3.178919665971429720e-01
2.600506775243575817e+02 3.163025067641572763e-01
2.601863388886651478e+02 3.147209942303365038e-01
2.619415026318090440e+02 3.131473892591848385e-01
2.588370875848850119e+02 3.115816523128889237e-01
2.591002331469875344e+02 3.100237440513244902e-01
2.616301419341486394e+02 3.084736253310678689e-01
2.610418125410885750e+02 3.069312572044125553e-01
2.585364254168944171e+02 3.053966009183904928e-01
2.592809222892554999e+02 3.038696179137985176e-01
2.583472589240165007e+02 3.023502698242295228e-01
2.585990931060801472e+02 3.008385184751083963e-01
2.607286973111840211e+02 2.993343258827328435e-01
2.594579739420992723e+02 2.978376542533191507e-01
2.592642841865247760e+02 2.963484659820525557e-01
2.598299997473950498e+02 2.948667236521422819e-01
2.583116802640239484e+02 2.933923900338815671e-01
2.596664225277883133e+02 2.919254280837121351e-01
2.612697157374768153e+02 2.904658009432935506e-01
2.595636504681349379e+02 2.890134719385770712e-01
2.617577911910942703e+02 2.875684045788841625e-01
2.601685643618195627e+02 2.861305625559897314e-01
2.593664904171837406e+02 2.846999097432098003e-01
2.585976590017941703e+02 2.832764101944937329e-01
2.585509366403347258e+02 2.818600281435212906e-01
2.600121351614930063e+02 2.804507280028036842e-01
2.573890333616081989e+02 2.790484743627896780e-01
2.589695446381476245e+02 2.776532319909757462e-01
2.625302443128033474e+02 2.762649658310208922e-01
2.587948894622525700e+02 2.748836410018657972e-01
2.593784283714886669e+02 2.735092227968564660e-01
2.606101192569788623e+02 2.721416766828722023e-01
2.577743800163283936e+02 2.707809682994578582e-01
2.608138396870698443e+02 2.694270634579605805e-01
2.587177930405900952e+02 2.680799281406707757e-01
2.587536903915421931e+02 2.667395284999674043e-01
2.583690880854928764e+02 2.654058308574675507e-01
2.592008107376030921e+02 2.640788017031802104e-01
2.582776859330158459e+02 2.627584076946642977e-01
2.594204633193876361e+02 2.614446156561909818e-01
2.579139955070672272e+02 2.601373925779100205e-01
2.596408147221411014e+02 2.588367056150204792e-01
2.588707465333123423e+02 2.575425220869453913e-01
2.593523450091253153e+02 2.562548094765106366e-01
2.573786535257169703e+02 2.549735354291280953e-01
2.599869632980258984e+02 2.536986677519824651e-01
2.592309398707423611e+02 2.524301744132225744e-01
2.607305190086478319e+02 2.511680235411564710e-01
2.578917015500344405e+02 2.499121834234507011e-01
2.568064811972044481e+02 2.486626225063334472e-01
2.584986585624259305e+02 2.474193093938017729e-01
2.589248452731425800e+02 2.461822128468327542e-01
2.577862872021386238e+02 2.449513017825985794e-01
2.605616461641944852e+02 2.437265452736855909e-01
2.591709648042249228e+02 2.425079125473171560e-01
2.593592328337571757e+02 2.412953729845805639e-01
2.617900797196626286e+02 2.400888961196576687e-01
2.576210976907138388e+02 2.388884516390593904e-01
2.584729920314254628e+02 2.376940093808641019e-01
2.597401583764109319e+02 2.365055393339597911e-01
2.585348990569314083e+02 2.353230116372899972e-01
2.585400642721914437e+02 2.341463965791035495e-01
2.581774449785359593e+02 2.329756645962080264e-01
2.588311692527732930e+02 2.318107862732269875e-01
2.589047934407919342e+02 2.306517323418608434e-01
2.608027787358449814e+02 2.294984736801515268e-01
2.587745461626950032e+02 2.283509813117507725e-01
2.578526237914123840e+02 2.272092264051920052e-01
2.579561892686672309e+02 2.260731802731660578e-01
2.582490618496166803e+02 2.249428143718002204e-01
2.576640943043763059e+02 2.238181002999412306e-01
2.585962263344374037e+02 2.226990097984415107e-01
2.592042438359000016e+02 2.215855147494492916e-01
2.574475149576836088e+02 2.204775871757020389e-01
2.574571191462237607e+02 2.193751992398235151e-01
2.585035222310432914e+02 2.182783232436243948e-01
2.573312082469630013e+02 2.171869316274062656e-01
2.589670445316042446e+02 2.161009969692692378e-01
2.578421281788485544e+02 2.150204919844228846e-01
2.582791998616423825e+02 2.139453895245007620e-01
2.586874339906779596e+02 2.128756625768782607e-01
2.574931476618644979e+02 2.118112842639938709e-01
2.579474907103673900e+02 2.107522278426738893e-01
2.588137941354142981e+02 2.096984667034605121e-01
2.570479620099460476e+02 2.086499743699432030e-01
2.577871766986015700e+02 2.076067244980934756e-01
2.589474827456375010e+02 2.065686908756030060e-01
2.563607679825974515e+02 2.055358474212249931e-01
2.567341455726546542e+02 2.045081681841188770e-01
2.598514510918734572e+02 2.034856273431982776e-01
2.578042232306205506e+02 2.024681992064822911e-01
2.581002211239178337e+02 2.014558582104498674e-01
2.574058399011206006e+02 2.004485789193976297e-01
2.586745360720622102e+02 1.994463360248006356e-01
2.567344265200473501e+02 1.984491043446766356e-01
2.566431427828764527e+02 1.974568588229532462e-01
2.602271892223984082e+02 1.964695745288384809e-01
2.578584982839000190e+02 1.954872266561942795e-01
2.567371327515940607e+02 1.945097905229133117e-01
2.572730719391213370e+02 1.935372415702987514e-01
2.597397333446452876e+02 1.925695553624472700e-01
2.575397078797733457e+02 1.916067075856350277e-01
2.581519442349049314e+02 1.906486740477068564e-01
2.580650366007442358e+02 1.896954306774683296e-01
2.588198400264337806e+02 1.887469535240809959e-01
2.575178496932417715e+02 1.878032187564605826e-01
2.566636195232908335e+02 1.868642026626782804e-01
2.590089632193357261e+02 1.859298816493648865e-01
2.564681776938933808e+02 1.850002322411180566e-01
2.566525809743696414e+02 1.840752310799124714e-01
2.573422400386948539e+02 1.831548549245129165e-01
2.579927992538114836e+02 1.822390806498903615e-01
2.576752236953238366e+02 1.813278852466408964e-01
2.566041332294361155e+02 1.804212458204076941e-01
2.577470305693973387e+02 1.795191395913056653e-01
2.569314717063976445e+02 1.786215438933491384e-01
2.567197437370506350e+02 1.777284361738823981e-01
2.576083387846266533e+02 1.768397939930129725e-01
2.575963950535834215e+02 1.759555950230479171e-01
2.588461280797109794e+02 1.750758170479326803e-01
2.589820235924190683e+02 1.742004379626930222e-01
2.566172602035796899e+02 1.733294357728795698e-01
2.576549522807795256e+02 1.724627885940151761e-01
2.575969257060868927e+02 1.716004746510451096e-01
2.567466955197957645e+02 1.707424722777898807e-01
2.567193773073961438e+02 1.698887599164009277e-01
2.579879522316885527e+02 1.690393161168189107e-01
2.561998470423026220e+02 1.681941195362348096e-01
2.573345142044577756e+02 1.673531489385536308e-01
2.569232486220781766e+02 1.665163831938608618e-01
2.585991281721907740e+02 1.656838012778915625e-01
2.580619520722230504e+02 1.648553822715020933e-01
2.573100871852465730e+02 1.640311053601445912e-01
2.576471933867510415e+02 1.632109498333438602e-01
2.573835806698652391e+02 1.623948950841771488e-01
2.568700747389510184e+02 1.615829206087562586e-01
2.568597592405537853e+02 1.607750060057124841e-01
2.576422826500519818e+02 1.599711309756839117e-01
2.572217486123492449e+02 1.591712753208054942e-01
2.570106296305652904e+02 1.583754189442014570e-01
2.567540809896958081e+02 1.575835418494804518e-01
2.556048251563973110e+02 1.567956241402330420e-01
2.566699787428065065e+02 1.560116460195318799e-01
2.579480944726921052e+02 1.552315877894342167e-01
2.577979542501216201e+02 1.544554298504870471e-01
2.587744023410294858e+02 1.536831527012346155e-01
2.573457679778784382e+02 1.529147369377284460e-01
2.576127378957267524e+02 1.521501632530398163e-01
2.576235795176662009e+02 1.513894124367746175e-01
2.572878497635299482e+02 1.506324653745907405e-01
2.577479341537487016e+02 1.498793030477177934e-01
2.565283309254633650e+02 1.491299065324792061e-01
2.569211969586757505e+02 1.483842569998168048e-01
2.572856893813077477e+02 1.476423357148177185e-01
2.569477163435880129e+02 1.469041240362436163e-01
2.566563058537976190e+02 1.461696034160623880e-01
2.573572096460864600e+02 1.454387553989820725e-01
2.577377362690505720e+02 1.447115616219871725e-01
2.574976608237037112e+02 1.439880038138772467e-01
2.570337652297768045e+02 1.432680637948078595e-01
2.579151592493480507e+02 1.425517234758338081e-01
2.569696384165511063e+02 1.418389648584546248e-01
2.555135858429608504e+02 1.411297700341623551e-01
2.583639521520485118e+02 1.404241211839915293e-01
2.563410755947855364e+02 1.397220005780715757e-01
2.575020193077823478e+02 1.390233905751812049e-01
2.567859728551086391e+02 1.383282736223052922e-01
2.584221476394802721e+02 1.376366322541937581e-01
2.569362471005864563e+02 1.369484490929227805e-01
2.572448842257257979e+02 1.362637068474581714e-01
2.580519083291579250e+02 1.355823883132208918e-01
2.571393622534402539e+02 1.349044763716547857e-01
2.563636633540693879e+02 1.342299539897965077e-01
2.574657534780409378e+02 1.335588042198475323e-01
2.576394422124566859e+02 1.328910101987482995e-01
2.575280663590985455e+02 1.322265551477545542e-01
2.574853032175066119e+02 1.315654223720157945e-01
2.568480739409390594e+02 1.309075952601557180e-01
2.556440200302448602e+02 1.302530572838549450e-01
2.568378991949299461e+02 1.296017919974356558e-01
2.563175185343380917e+02 1.289537830374484773e-01
2.578159033478897300e+02 1.283090141222612279e-01
2.567969671046917028e+02 1.276674690516499122e-01
2.571090072097643429e+02 1.270291317063916570e-01
2.567008721708016878e+02 1.263939860478597021e-01
2.557084170537864622e+02 1.257620161176203899e-01
2.566013640192525145e+02 1.251332060370322907e-01
2.577728114874151402e+02 1.245075400068471339e-01
2.572806678623882135e+02 1.238850023068129025e-01
2.561358033185480849e+02 1.232655772952788442e-01
2.568202708674433552e+02 1.226492494088024521e-01
2.565029798707769260e+02 1.220360031617584440e-01
2.558020667585474541e+02 1.214258231459496573e-01
2.565537910748292347e+02 1.208186940302199142e-01
2.567751899981662405e+02 1.202146005600688156e-01
2.566678422996218387e+02 1.196135275572684648e-01
2.560335238366086514e+02 1.190154599194821194e-01
2.565487067148258689e+02 1.184203826198847037e-01
2.562808844946169415e+02 1.178282807067852767e-01
2.567992311251236970e+02 1.172391393032513468e-01
2.564117340406863264e+02 1.166529436067350878e-01
2.573509018867811733e+02 1.160696788887014136e-01
2.567381466235941048e+02 1.154893304942578997e-01
2.567076528939410309e+02 1.149118838417866051e-01
2.563493324951109003e+02 1.143373244225776714e-01
2.572417022402134990e+02 1.137656378004647806e-01
2.566980053521131140e+02 1.131968096114624595e-01
2.567953405094684740e+02 1.126308255634051458e-01
2.566410185500592434e+02 1.120676714355881148e-01
2.560088491109187885e+02 1.115073330784101674e-01
2.572089393507822024e+02 1.109497964130181091e-01
2.564384424390501067e+02 1.103950474309530194e-01
2.570407627869638532e+02 1.098430721937982552e-01
2.562896890873284974e+02 1.092938568328292587e-01
2.566527452572368020e+02 1.087473875486651143e-01
2.565525857115859480e+02 1.082036506109217838e-01
2.568170650242362285e+02 1.076626323578671746e-01
2.565353558709107915e+02 1.071243191960778440e-01
2.576894771020945427e+02 1.065886976000974540e-01
2.574398354742475590e+02 1.060557541120969727e-01
2.557936975571694518e+02 1.055254753415364871e-01
2.556238000537262280e+02 1.049978479648288054e-01
2.566752520192457041e+02 1.044728587250046553e-01
2.563152508311239899e+02 1.039504944313796309e-01
2.564693941024374908e+02 1.034307419592227356e-01
2.557460297137579630e+02 1.029135882494266185e-01
2.569741249454774561e+02 1.023990203081794892e-01
2.561469816562032520e+02 1.018870252066385873e-01
2.560570372008032791e+02 1.013775900806053870e-01
2.566908618702559011e+02 1.008707021302023554e-01
2.560829924567376565e+02 1.003663486195513488e-01
2.558410998834030750e+02 9.986451687645359065e-02
2.564525730924623872e+02 9.936519429207131548e-02
2.559636231177010757e+02 9.886836832061095259e-02
2.558892062172665476e+02 9.837402647900789221e-02
2.557877954241534439e+02 9.788215634661284748e-02
2.555256935106293952e+02 9.739274556487978463e-02
2.570173937345695094e+02 9.690578183705537973e-02
2.564276511935004805e+02 9.642125292787009916e-02
2.564380230584139895e+02 9.593914666323075102e-02
2.555963659654446190e+02 9.545945092991459102e-02
2.560313505425655762e+02 9.498215367526502417e-02
2.564907611145692954e+02 9.450724290688869433e-02
2.566258297340443164e+02 9.403470669235425294e-02
2.569275538124750256e+02 9.356453315889248779e-02
2.567156799398118210e+02 9.309671049309801993e-02
2.560944961154957582e+02 9.263122694063252727e-02
2.560991782150910012e+02 9.216807080592936963e-02
2.559255327151613244e+02 9.170723045189972666e-02
2.563187330738421679e+02 9.124869429964023448e-02
2.560164487873287271e+02 9.079245082814203782e-02
2.562410705296110223e+02 9.033848857400132715e-02
2.560960697219741178e+02 8.988679613113131905e-02
2.561333374387782555e+02 8.943736215047566607e-02
2.557199446354318582e+02 8.899017533972328198e-02
2.558599505978928335e+02 8.854522446302466598e-02
2.558305497211829618e+02 8.810249834070954522e-02
2.563233572034266672e+02 8.766198584900600221e-02
2.555493292509516721e+02 8.722367591976097623e-02
2.557985216872006902e+02 8.678755754016216628e-02
2.561854269272805595e+02 8.635361975246134969e-02
2.557152468695339564e+02 8.592185165369904676e-02
2.560424645939828565e+02 8.549224239543054549e-02
2.555767990641143683e+02 8.506478118345339734e-02
2.556725573806729130e+02 8.463945727753613424e-02
2.561615796420214792e+02 8.421625999114845662e-02
2.552937133805565679e+02 8.379517869119271212e-02
2.552996999179494821e+02 8.337620279773674814e-02
2.556823017010623573e+02 8.295932178374806898e-02
2.561657217569537011e+02 8.254452517482932516e-02
2.554079378629627115e+02 8.213180254895517673e-02
2.557174785719737997e+02 8.172114353621040550e-02
2.555133908318350677e+02 8.131253781852935958e-02
2.558829989826629685e+02 8.090597512943671632e-02
2.559954074210743897e+02 8.050144525378953586e-02
2.558732201279063929e+02 8.009893802752059144e-02
2.559674031750490713e+02 7.969844333738299036e-02
2.560854814790732235e+02 7.929995112069607166e-02
2.558510219167314403e+02 7.890345136509259449e-02
2.554471791544525558e+02 7.850893410826713381e-02
2.555294398777926403e+02 7.811638943772579446e-02
2.559401001726300251e+02 7.772580749053716043e-02
2.556188623132007933e+02 7.733717845308447913e-02
2.558966984098881028e+02 7.695049256081905320e-02
2.553877555594810644e+02 7.656574009801496439e-02
2.556153455726771426e+02 7.618291139752489394e-02
2.557318395249494358e+02 7.580199684053727516e-02
2.563637589224076123e+02 7.542298685633458399e-02
2.559444992156845160e+02 7.504587192205290636e-02
2.557852047820988730e+02 7.467064256244264342e-02
2.553819419411358638e+02 7.429728934963042430e-02
2.561081008944878477e+02 7.392580290288226774e-02
2.562676385013182312e+02 7.355617388836785397e-02
2.557344322019270919e+02 7.318839301892601790e-02
2.552022322542989627e+02 7.282245105383139405e-02
2.553441435021852328e+02 7.245833879856224125e-02
2.551819277220428432e+02 7.209604710456943288e-02
2.557251172432950739e+02 7.173556686904658530e-02
2.553025000395152517e+02 7.137688903470135182e-02
2.556573889633404804e+02 7.102000458952784090e-02
2.553446462125139078e+02 7.066490456658020003e-02
2.567139593694581663e+02 7.031158004374729598e-02
2.557813296009080091e+02 6.996002214352856075e-02
2.558442250330351158e+02 6.961022203281092002e-02
2.556836935920369740e+02 6.926217092264685959e-02
2.557284934298702979e+02 6.891586006803362974e-02
2.552423680842325950e+02 6.857128076769346270e-02
2.554059187379475304e+02 6.822842436385499754e-02
2.555439116328796842e+02 6.788728224203571804e-02
2.550674389094775449e+02 6.754784583082554250e-02
2.551277960274903478e+02 6.721010660167141271e-02
2.551897224680510590e+02 6.687405606866304864e-02
2.556082856354759656e+02 6.653968578831973013e-02
2.551863789398568940e+02 6.620698735937813328e-02
2.559467536577631677e+02 6.587595242258123540e-02
2.554765488007510612e+02 6.554657266046833020e-02
2.553746372666680884e+02 6.521883979716598667e-02
2.549878970795588486e+02 6.489274559818015986e-02
2.555045492517123478e+02 6.456828187018925913e-02
2.555541409624403855e+02 6.424544046083831284e-02
2.550145940969985645e+02 6.392421325853411829e-02
2.554682598861090810e+02 6.360459219224144645e-02
2.552143654115963898e+02 6.328656923128024581e-02
2.555819871548479512e+02 6.297013638512384548e-02
2.557496362978115201e+02 6.265528570319822688e-02
2.554494235547662981e+02 6.234200927468223213e-02
2.553724059662456796e+02 6.203029922830882031e-02
2.552256805792794125e+02 6.172014773216727423e-02
2.552944865610732847e+02 6.141154699350643426e-02
2.552989729395970926e+02 6.110448925853890351e-02
2.553953977977609213e+02 6.079896681224621069e-02
2.551546020958148802e+02 6.049497197818497901e-02
2.551264908031459129e+02 6.019249711829405269e-02
2.549051074343048811e+02 5.989153463270258104e-02
2.548012716371574982e+02 5.959207695953906703e-02
2.554950342552627376e+02 5.929411657474137343e-02
2.553282551725428107e+02 5.899764599186766573e-02
2.556888881466078942e+02 5.870265776190832646e-02
2.553283671684644958e+02 5.840914447309878549e-02
2.548297331215639474e+02 5.811709875073329395e-02
2.559720844193170706e+02 5.782651325697962807e-02
2.552050683324558236e+02 5.753738069069472966e-02
2.551781099393012369e+02 5.724969378724125563e-02
2.552539857138814625e+02 5.696344531830505042e-02
2.551612311295920676e+02 5.667862809171352739e-02
2.550721311138326826e+02 5.639523495125495917e-02
2.557451062354337239e+02 5.611325877649868399e-02
2.552758567218593271e+02 5.583269248261619327e-02
2.553121565229587304e+02 5.555352902020311429e-02
2.558208777594636842e+02 5.527576137510210180e-02
2.554418514365140140e+02 5.499938256822659022e-02
2.550981264997700748e+02 5.472438565538545463e-02
2.553273531913531542e+02 5.445076372710852541e-02
2.548320339116039861e+02 5.417850990847298404e-02
2.551814016488107200e+02 5.390761735893061929e-02
2.556229762669599666e+02 5.363807927213596477e-02
2.550150077119662342e+02 5.336988887577528290e-02
2.557566248540769891e+02 5.310303943139640936e-02
2.552625372619724828e+02 5.283752423423943023e-02
2.551964920315100755e+02 5.257333661306823336e-02
2.554962495377633331e+02 5.231046993000289247e-02
2.552499291127017216e+02 5.204891758035287697e-02
2.550963862697863078e+02 5.178867299245111522e-02
2.555439743729218094e+02 5.152972962748886276e-02
2.552576184876194816e+02 5.127208097935141706e-02
2.553230789318520522e+02 5.101572057445465797e-02
2.554251086852557933e+02 5.076064197158238617e-02
2.551184977801758578e+02 5.050683876172447351e-02
2.551698524641016377e+02 5.025430456791585287e-02
2.549062606888516882e+02 5.000303304507627139e-02
2.551628041466610455e+02 4.975301787985089014e-02
2.550511883689775914e+02 4.950425279045163329e-02
2.554380929790272603e+02 4.925673152649937686e-02
2.550657435819456680e+02 4.901044786886687987e-02
2.552969555646301103e+02 4.876539562952254825e-02
2.553482140697967111e+02 4.852156865137493419e-02
2.553311462223870763e+02 4.827896080811806129e-02
2.550978835495102430e+02 4.803756600407747129e-02
2.553302749739774242e+02 4.779737817405708272e-02
2.554292192960562886e+02 4.755839128318679887e-02
2.555778866666054796e+02 4.732059932677086522e-02
2.550142958884541713e+02 4.708399633013701097e-02
2.548660307888278282e+02 4.684857634848632602e-02
2.549546782011722996e+02 4.661433346674389439e-02
2.551682120817587816e+02 4.638126179941017696e-02
2.552318067084929964e+02 4.614935549041312285e-02
2.551452150783481159e+02 4.591860871296105789e-02
2.552579587043381082e+02 4.568901566939625319e-02
2.548846251555351898e+02 4.546057059104927078e-02
2.547212580645900744e+02 4.523326773809402401e-02
2.551045434293785661e+02 4.500710139940355264e-02
2.551799324215937474e+02 4.478206589240653346e-02
2.549568861014802508e+02 4.455815556294449864e-02
2.549633723673835561e+02 4.433536478512977580e-02
2.551552504275964566e+02 4.411368796120412883e-02
2.546292242833106627e+02 4.389311952139810652e-02
2.549412469903340650e+02 4.367365392379111283e-02
2.550597803554576330e+02 4.345528565417215716e-02
2.547444751719281442e+02 4.323800922590129853e-02
2.547003406866658679e+02 4.302181917977179054e-02
2.548988219819377434e+02 4.280671008387293419e-02
2.547082401673987988e+02 4.259267653345356897e-02
2.550090980739481381e+02 4.237971315078629952e-02
2.551471342133669111e+02 4.216781458503236768e-02
2.548045429578077687e+02 4.195697551210720438e-02
2.550306345687704095e+02 4.174719063454666867e-02
2.546204456532276481e+02 4.153845468137393193e-02
2.547974115416895415e+02 4.133076240796706297e-02
2.550007947739207452e+02 4.112410859592723067e-02
2.546188279253097164e+02 4.091848805294759361e-02
2.548739051694253135e+02 4.071389561268285578e-02
2.548537180169238070e+02 4.051032613461943988e-02
2.547268687372660168e+02 4.030777450394634059e-02
2.549502286757552838e+02 4.010623563142660941e-02
2.552200002959078233e+02 3.990570445326947768e-02
2.546533817349129549e+02 3.970617593100313203e-02
2.549412605666845195e+02 3.950764505134811422e-02
2.549513423235765686e+02 3.931010682609137330e-02
2.549412294123814604e+02 3.911355629196091449e-02
2.548557073565183373e+02 3.891798851050110725e-02
2.546722798607385414e+02 3.872339856794860397e-02
2.551415499765002721e+02 3.852978157510886237e-02
2.546824372360323423e+02 3.833713266723332014e-02
2.550014649180580761e+02 3.814544700389715243e-02
2.547788262042053589e+02 3.795471976887766774e-02
2.548136419115965339e+02 3.776494617003327975e-02
2.549025093280512522e+02 3.757612143918311054e-02
2.547300804220832617e+02 3.738824083198719755e-02
2.549115059605844920e+02 3.720129962782726257e-02
2.547671544106065653e+02 3.701529312968812602e-02
2.551017835437308179e+02 3.683021666403968331e-02
2.549567120658411739e+02 3.664606558071948489e-02
2.549561957733855309e+02 3.646283525281588528e-02
2.548320743795503631e+02 3.628052107655180269e-02
2.549232083372871784e+02 3.609911847116904077e-02
2.547940334541906395e+02 3.591862287881319310e-02
2.547676657006074663e+02 3.573902976441912377e-02
2.548194580956764241e+02 3.556033461559703068e-02
2.545402861056527115e+02 3.538253294251904324e-02
2.551070323737354215e+02 3.520562027780644448e-02
2.544995410845788797e+02 3.502959217641741368e-02
2.549189855087859371e+02 3.485444421553532401e-02
2.548367405523138132e+02 3.468017199445764392e-02
2.548174573010007578e+02 3.450677113448535893e-02
2.545704877880447725e+02 3.433423727881293464e-02
2.545327951040470680e+02 3.416256609241886955e-02
2.548691105398482932e+02 3.399175326195677527e-02
2.549363144912294388e+02 3.382179449564699097e-02
2.546765397126098662e+02 3.365268552316875300e-02
2.548822279332647440e+02 3.348442209555290566e-02
2.548945820003613960e+02 3.331699998507513943e-02
2.547174504528986745e+02 3.315041498514976342e-02
2.546770081462314295e+02 3.298466291022401214e-02
2.545204979568835029e+02 3.281973959567289351e-02
2.545996228089258864e+02 3.265564089769452949e-02
2.545511938646962165e+02 3.249236269320605885e-02
2.544918030383898611e+02 3.232990087974002558e-02
2.545401589002341893e+02 3.216825137534132240e-02
2.550140687476607013e+02 3.200741011846461315e-02
2.548602245893398504e+02 3.184737306787228939e-02
2.547228547654225963e+02 3.168813620253292662e-02
2.549293416294536598e+02 3.152969552152026095e-02
2.547073634906431607e+02 3.137204704391265836e-02
2.546001350562313803e+02 3.121518680869309406e-02
2.546454878467424408e+02 3.105911087464962791e-02
2.545586428221811843e+02 3.090381532027637948e-02
2.545739098074863591e+02 3.074929624367499573e-02
2.547059856450163124e+02 3.059554976245662181e-02
2.548746543069127597e+02 3.044257201364434021e-02
2.543897051258481099e+02 3.029035915357611991e-02
2.547459109612193515e+02 3.013890735780824087e-02
2.546878371844301228e+02 2.998821282101920074e-02
2.547618404984034441e+02 2.983827175691410385e-02
2.545494175836766146e+02 2.968908039812953245e-02
2.544462252541134433e+02 2.954063499613888630e-02
2.544609073413868430e+02 2.939293182115819067e-02
2.544974456659863620e+02 2.924596716205240046e-02
2.545032629598835570e+02 2.909973732624213799e-02
2.546576182061830025e+02 2.895423863961092692e-02
2.546882980866652701e+02 2.880946744641287374e-02
2.546021950554120394e+02 2.866542010918081071e-02
2.547918131888516200e+02 2.852209300863490712e-02
2.546654036216988288e+02 2.837948254359173167e-02
2.545331739146536165e+02 2.823758513087377270e-02
2.546780715444537293e+02 2.809639720521940262e-02
2.547593201965498508e+02 2.795591521919330719e-02
2.547512005173389298e+02 2.781613564309734152e-02
2.550446213212514124e+02 2.767705496488185452e-02
2.544891924667197145e+02 2.753866969005744347e-02
2.545217245934155699e+02 2.740097634160715626e-02
2.546897057277652152e+02 2.726397145989912021e-02
2.546756251936144793e+02 2.712765160259962560e-02
2.544941099372709061e+02 2.699201334458662879e-02
2.545878082431617884e+02 2.685705327786369612e-02
2.545686508278390079e+02 2.672276801147437791e-02
2.545212100493957053e+02 2.658915417141700585e-02
2.546704127345747395e+02 2.645620840055992046e-02
2.545111802492436368e+02 2.632392735855712193e-02
2.543387264582216574e+02 2.619230772176433727e-02
2.548610211802261745e+02 2.606134618315551418e-02
2.545630261744996687e+02 2.593103945223973819e-02
2.543598964696556664e+02 2.580138425497853841e-02
2.547849541994979745e+02 2.567237733370364428e-02
2.545214987824166997e+02 2.554401544703512744e-02
2.544037938901994949e+02 2.541629536979995302e-02
2.545288243277717299e+02 2.528921389295095412e-02
2.545772166261687630e+02 2.516276782348619845e-02
2.545057505157276125e+02 2.503695398436876773e-02
2.544433421199066458e+02 2.491176921444692230e-02
2.544015550724964783e+02 2.478721036837468888e-02
2.542962725041680301e+02 2.466327431653281624e-02
2.545756136858840364e+02 2.453995794495015051e-02
2.545060363137934303e+02 2.441725815522539922e-02
2.546792162742393089e+02 2.429517186444927340e-02
2.545583485120219507e+02 2.417369600512702527e-02
2.544512387276747063e+02 2.405282752510138830e-02
2.545687790260184045e+02 2.393256338747588169e-02
2.543049840934665156e+02 2.381290057053850329e-02
2.543508555656937915e+02 2.369383606768581119e-02
2.544235102645114068e+02 2.357536688734738345e-02
2.544118064875848404e+02 2.345749005291064559e-02
2.544019614280850305e+02 2.334020260264609362e-02
2.545335414397169984e+02 2.322350158963286393e-02
2.544399584025205172e+02 2.310738408168469885e-02
2.545018170452547110e+02 2.299184716127627634e-02
2.546982456775017170e+02 2.287688792546989369e-02
2.542915359055232045e+02 2.276250348584254318e-02
2.546543143954236257e+02 2.264869096841333126e-02
2.545189511017245820e+02 2.253544751357126549e-02
2.545232854877307318e+02 2.242277027600340922e-02
2.543145994539496826e+02 2.231065642462339363e-02
2.547935872763830787e+02 2.219910314250027675e-02
2.544584374936638653e+02 2.208810762678777365e-02
2.546625039214209494e+02 2.197766708865383362e-02
2.546202413876412152e+02 2.186777875321056427e-02
2.545036272535078865e+02 2.175843985944451303e-02
2.543495472483434696e+02 2.164964766014729203e-02
2.544785476325852471e+02 2.154139942184655696e-02
2.541747823759991149e+02 2.143369242473732242e-02
2.543307589764950762e+02 2.132652396261363464e-02
2.543023348485975532e+02 2.121989134280056685e-02
2.545158954636032149e+02 2.111379188608656504e-02
2.546611539257946788e+02 2.100822292665613378e-02
2.543138104532446278e+02 2.090318181202285158e-02
2.542980594640267782e+02 2.079866590296273673e-02
2.543684960336803442e+02 2.069467257344792185e-02
2.542900058639365000e+02 2.059119921058068237e-02
2.545490063926649498e+02 2.048824321452777722e-02
2.544025585634799143e+02 2.038580199845513655e-02
2.544999301074044240e+02 2.028387298846286158e-02
2.545605711431949487e+02 2.018245362352054720e-02
2.543841583226558782e+02 2.008154135540294455e-02
2.543739513376564787e+02 1.998113364862592889e-02
2.543397233484710398e+02 1.988122798038280056e-02
2.544162532500087650e+02 1.978182184048088779e-02
2.543322621429649644e+02 1.968291273127848254e-02
2.542916860266135188e+02 1.958449816762208862e-02
2.543003136979963585e+02 1.948657567678397859e-02
2.541672992533952424e+02 1.938914279840005944e-02
2.544560883296849454e+02 1.929219708440805744e-02
2.543346791487209089e+02 1.919573609898601874e-02
2.543759006246152410e+02 1.909975741849108746e-02
2.542844729710022307e+02 1.900425863139863086e-02
2.542765718721886117e+02 1.890923733824163844e-02
2.543129371843929221e+02 1.881469115155042990e-02
2.542104888485439460e+02 1.872061769579267884e-02
2.542641126939144556e+02 1.862701460731371397e-02
2.542707013043270763e+02 1.853387953427714646e-02
2.543340545530429324e+02 1.844121013660576097e-02
2.543003009859783390e+02 1.834900408592273283e-02
2.541765748971374705e+02 1.825725906549311925e-02
2.540982890619984573e+02 1.816597277016565246e-02
2.544588983412630796e+02 1.807514290631482418e-02
2.542708026585152083e+02 1.798476719178325120e-02
2.541861434613449831e+02 1.789484335582433583e-02
2.543675283563383402e+02 1.780536913904521429e-02
2.543846872220640023e+02 1.771634229334998964e-02
2.544069169165135236e+02 1.762776058188323877e-02
2.541851563929023143e+02 1.753962177897382124e-02
2.544869064430496906e+02 1.745192367007895179e-02
2.542749935087547328e+02 1.736466405172855734e-02
2.542638577227430687e+02 1.727784073146991506e-02
2.542291868242469093e+02 1.719145152781256444e-02
2.542790101369647289e+02 1.710549427017350049e-02
2.542377941865902358e+02 1.701996679882263400e-02
2.542024675673637546e+02 1.693486696482852244e-02
2.543946339410856012e+02 1.685019263000437847e-02
2.542847229554907074e+02 1.676594166685435594e-02
2.542442541362106567e+02 1.668211195852008569e-02
2.541538456938369563e+02 1.659870139872748548e-02
2.542264705726387604e+02 1.651570789173384748e-02
2.542736531291587028e+02 1.643312935227517896e-02
2.544260610826341917e+02 1.635096370551380324e-02
2.543200420486385269e+02 1.626920888698623474e-02
2.541872300014826749e+02 1.618786284255130381e-02
2.543092574229407035e+02 1.610692352833854868e-02
2.542188963299140028e+02 1.602638891069685725e-02
2.543588625230268576e+02 1.594625696614337257e-02
2.541260274650535109e+02 1.586652568131265498e-02
2.542670850185551217e+02 1.578719305290609068e-02
2.541395807927733870e+02 1.570825708764156045e-02
2.542853000500246310e+02 1.562971580220335124e-02
2.542065799368805870e+02 1.555156722319233492e-02
2.541929031713711709e+02 1.547380938707637252e-02
2.541712172563238425e+02 1.539644034014099085e-02
2.542355014325800653e+02 1.531945813844028635e-02
2.543619983693972415e+02 1.524286084774808571e-02
2.541658881851270451e+02 1.516664654350934581e-02
2.542471179498096490e+02 1.509081331079179834e-02
2.542912005889683655e+02 1.501535924423783898e-02
2.542373343712947360e+02 1.494028244801664899e-02
2.542704588774927288e+02 1.486558103577656498e-02
2.542581786207970538e+02 1.479125313059768271e-02
2.541213126335746040e+02 1.471729686494469350e-02
2.543011651831818654e+02 1.464371038061997032e-02
2.542049707408027928e+02 1.457049182871687082e-02
2.543751856540399956e+02 1.449763936957328657e-02
2.543602577958453992e+02 1.442515117272541968e-02
2.542271058646913673e+02 1.435302541686179177e-02
2.541362369217945911e+02 1.428126028977748201e-02
2.543521476436194462e+02 1.420985398832859403e-02
2.541817109471210756e+02 1.413880471838695023e-02
2.543499759096452522e+02 1.406811069479501491e-02
2.543071954552295892e+02 1.399777014132103960e-02
2.541576989208656414e+02 1.392778129061443375e-02
2.542344745632993863e+02 1.385814238416136109e-02
2.543707808040465750e+02 1.378885167224055443e-02
2.542497307575995364e+02 1.371990741387935087e-02
2.542829728143878754e+02 1.365130787680995418e-02
2.542670760551826277e+02 1.358305133742590369e-02
2.542233904391849819e+02 1.351513608073877382e-02
2.542006597292425738e+02 1.344756040033508009e-02
2.541801733807744768e+02 1.338032259833340544e-02
2.541694956447928746e+02 1.331342098534173818e-02
2.541648200876248325e+02 1.324685388041503022e-02
2.541001118320720025e+02 1.318061961101295483e-02
2.541260738703491597e+02 1.311471651295788993e-02
2.541311495380574002e+02 1.304914293039310079e-02
2.542776403242293100e+02 1.298389721574113448e-02
2.541375561744891911e+02 1.291897772966242933e-02
2.541199886997262070e+02 1.285438284101411699e-02
2.540850106202652228e+02 1.279011092680904654e-02
2.541492664482871646e+02 1.272616037217500114e-02
2.542129172879982661e+02 1.266252957031412628e-02
2.540970578834928801e+02 1.259921692246255588e-02
2.541801208399979259e+02 1.253622083785024301e-02
2.540606472738310799e+02 1.247353973366099184e-02
2.541419586905527410e+02 1.241117203499268740e-02
2.541717198194463379e+02 1.234911617481772306e-02
2.541957364606503234e+02 1.228737059394363444e-02
2.540521082690711125e+02 1.222593374097391550e-02
2.542215245152519856e+02 1.216480407226904620e-02
2.542195109858920716e+02 1.210398005190770065e-02
2.541065783324227709e+02 1.204346015164816167e-02
2.542205280170433070e+02 1.198324285088992087e-02
2.541232070061181787e+02 1.192332663663547149e-02
2.541727930394411885e+02 1.186371000345229354e-02
2.540866166975215208e+02 1.180439145343503173e-02
2.541041773079475377e+02 1.174536949616785710e-02
2.542575752852435187e+02 1.168664264868701785e-02
2.541835726667239896e+02 1.162820943544358269e-02
2.542238203172917110e+02 1.157006838826636456e-02
2.541636664702344603e+02 1.151221804632503350e-02
2.541599529324278706e+02 1.145465695609340813e-02
2.540260349072072188e+02 1.139738367131294151e-02
2.540677402212951392e+02 1.134039675295637692e-02
2.540951663149895126e+02 1.128369476919159446e-02
2.540684993963210729e+02 1.122727629534563641e-02
2.541010643420742952e+02 1.117113991386890770e-02
2.540632352953087150e+02 1.111528421429956379e-02
2.541176563634091963e+02 1.105970779322806678e-02
2.540800304096533182e+02 1.100440925426192720e-02
2.541408512721734780e+02 1.094938720799061745e-02
2.539790226079003332e+02 1.089464027195066395e-02
2.541517748137365800e+02 1.084016707059091110e-02
2.541762790176074986e+02 1.078596623523795685e-02
2.540243413466161542e+02 1.073203640406176704e-02
2.540574723958582410e+02 1.067837622204145798e-02
2.540758776288132026e+02 1.062498434093125076e-02
2.541055048943398162e+02 1.057185941922659383e-02
2.541330433375034090e+02 1.051900012213046083e-02
2.541710545447713514e+02 1.046640512151980791e-02
2.542535432415561445e+02 1.041407309591220812e-02
2.541172490589597999e+02 1.036200273043264702e-02
2.542376587677769635e+02 1.031019271678048320e-02
2.541383483506102721e+02 1.025864175319658039e-02
2.540442050260238034e+02 1.020734854443059759e-02
2.540393266912470835e+02 1.015631180170844389e-02
2.540563913935948506e+02 1.010553024269990156e-02
2.540730944304441437e+02 1.005500259148640191e-02
2.541087108635534833e+02 1.000472757852896924e-02
2.541061826611598065e+02 9.954703940636324550e-03
