3.889799954329918652e+00 1.899663344061923276e+00
6.130086726857475909e+00 2.530809040109814667e+00
7.814707268686352570e+00 5.067014084585959921e+00
7.340970095251362793e+00 6.866179879266332442e+00
9.014965272656555229e+00 9.189566101244899698e+00
5.283423392095818905e+00 6.255315526426651118e+00
9.243293073938831483e+00 1.026093979306555326e+01
6.542620756382151015e+00 3.571242008682354196e+00
2.303262242784199110e+00 1.548835128200537881e+01
1.210260116188698198e+01 1.273991120882683248e+01
3.845265462579223303e+00 1.195341796361258346e+01
1.457484802546759539e+01 3.806024900073984529e+00
7.072550282034440805e+00 1.256995516793366185e+01
4.907448265410230270e+00 1.212898693470480360e+01
1.258592470219130277e+01 4.409705438729186078e+00
1.452800831665321724e+01 1.074263419709578216e+01
1.264559459286859777e+01 1.104887474413203208e+01
3.213464071055657900e+00 9.726898171970418616e+00
2.834863713105225891e+00 1.681033226069152509e+00
8.878786445829481622e+00 1.207946832721535380e+01
3.119184886764393982e-01 1.249473782156121704e+00
9.649036168486967213e+00 1.402543326570640936e+01
3.457546251122828540e+00 1.585615905425525618e+01
6.665597973823095046e+00 1.156095386613533726e+01
2.479554860998720578e+00 6.456684659171958884e+00
3.925956207905777262e+00 4.922311030626232764e+00
2.544278524093420479e+00 1.357376786686221415e+01
1.289152578831272145e+01 1.462437189901273626e+01
1.460178832994229836e+01 8.749445983225452306e-01
1.059127856664651723e+01 1.146990422861039782e+01
1.362632873376648845e+01 1.127141518602419090e+01
1.536220509474022577e+01 6.892103265339114770e+00
1.162385315073985126e+01 1.171396378064259380e+01
3.618744873154064123e+00 6.618710677165227096e+00
4.777475534330442919e+00 1.346204791435970272e+00
4.289764480048424033e+00 1.305023507473946331e+01
2.954664116519694961e+00 1.476565438655732621e+01
1.376561091487771016e+01 1.238587610512530546e+01
3.807817283107325590e+00 7.872492063623997005e+00
7.613112040128596547e+00 1.225865882056189182e+00
1.440185863205347028e+00 1.012334631785488881e+01
8.511433487709641810e+00 4.421409514729913504e+00
3.161324871124413072e+00 2.757776193720990587e+00
7.391289007154679069e+00 3.043993888486367982e+00
1.440314645593528731e+00 6.239131102458419065e+00
5.736261860528639289e+00 4.400564383374572230e+00
9.435313018933911167e+00 1.998928091283382752e-02
6.703520347495381948e+00 1.448311106770709777e+01
1.275685166938233728e+01 8.410886643303824073e+00
1.259122892917739733e+01 7.367124032474355211e+00
1.551432066158550782e+00 1.329982756314187320e+01
7.056861328068729122e+00 5.805372449868136719e+00
3.206316800295884395e+00 5.631694153210881737e+00
1.390532136711647837e+01 1.755413128498266140e+00
1.096768945213937485e+01 1.246614866256362042e+01
1.180034940971352420e+00 9.087255283028769171e+00
5.040028952979553445e+00 5.205559016615781687e+00
6.273438216218672814e+00 6.495096368056409553e+00
1.009082827346954092e+00 2.237163941107283005e+00
1.258567044640452615e+01 5.077794618794942982e-01
1.126051396629325296e+01 5.978956580489229289e+00
4.850816275769538888e-01 1.314856572968647441e+01
9.116032250573141482e+00 6.399903539174344402e+00
1.049867040428117626e+01 7.717727598519560139e+00
9.495132894191577577e+00 7.329684231885329027e+00
1.466473030065276006e+01 1.402281535629497000e+01
2.012698969253694958e+00 1.448375008663743380e+01
4.497451738510559238e+00 1.173282492347800521e-01
6.575387146761500823e+00 7.630004443233364242e+00
1.361326250537194760e+01 6.584916971396030938e-01
1.442681845850072264e+01 1.571404626464143739e+01
1.334931233459012212e+01 1.550766586030701610e+01
1.206063289296451657e+01 1.521553883246456884e+01
8.715384835353138016e+00 7.633178695839097916e-01
1.253772843773601231e+01 1.367169128325413574e+01
1.523943554909668485e+01 2.969970499985421952e+00
6.162946613805284635e+00 1.540229417996121875e+01
7.297672407624940405e+00 9.736753181361263998e+00
1.551209823600681936e+01 1.260586855459174949e+01
3.802325756971370208e+00 9.543983789941068441e-01
3.981655213055942610e+00 1.490506470861140720e+01
2.158369018343380574e+00 1.239939769938653846e+01
6.996497295695768948e+00 2.005246729548694873e+00
1.361298100289909918e+01 7.583337291330006558e+00
2.794857410093551486e+00 7.506038789549340784e+00
1.555782496889753119e+01 4.093254379802432119e+00
1.382209502787141453e+01 4.629433846936830577e+00
9.927038373846770014e+00 1.497810781182255724e+01
6.482385616876890744e+00 7.444881195801399398e-01
1.500089064368871128e+01 1.918645658204484850e+00
1.227416751697106356e+01 1.004066565879289108e+01
7.744618625328698158e+00 1.469402898564716153e+01
1.033750264817753539e+01 1.040071966967148853e+01
9.427206196735692600e+00 3.741964538449123800e+00
1.282602755748462720e+01 1.562462479709554541e+00
9.686318716757702063e+00 8.382990970370157058e+00
1.184955129824654385e+01 1.295677975492217637e+00
8.143618881796361730e-01 4.309098660133026115e+00
1.106707516224244792e+01 9.637385161535110711e+00
9.024627230927666943e+00 1.721229553719740402e+00
1.476162213107434518e+01 8.839764456791186831e+00
9.180281849451626286e+00 1.315885415925101931e+01
1.305062595085604293e+01 9.380027966698529340e+00
1.167940115708734439e+01 8.022637295136778590e+00
1.192739786693586268e+01 9.042280751660683791e+00
1.131561491521321905e+01 1.346655736502143519e+01
7.751508259191518313e+00 1.181804282675560280e+01
1.209520144603278879e+01 2.430788301072866808e+00
2.209764266077896888e+00 9.345358133390764266e+00
1.506890580514075495e+01 5.892907875819146213e+00
1.848785861806887532e+00 1.131823078126780757e+01
1.032796710970209730e+01 2.920108963245903411e+00
5.384253878780708824e+00 3.366369537299552572e+00
1.116236206480507143e+01 2.246713187683540447e+00
1.045537037786995249e+01 1.917200957784416238e-01
2.893492476939714564e+00 4.599566301946104829e+00
1.142465202508420852e+01 7.001305189490046210e+00
1.194237626027037891e+01 5.259456737871033738e+00
9.545984756392446258e+00 1.130500032148432155e+01
1.148232101800287452e+01 2.564294724893668165e-01
8.284643937346801934e+00 1.275725064519860830e+01
4.671489684648834739e+00 4.141227776749162537e+00
1.607063282374675994e+00 4.735276122892008166e-01
1.577130526788389631e+01 5.114031291728707629e+00
8.337265690551721065e+00 3.367219381575802473e+00
5.029523060240509658e+00 2.330517472937565060e+00
3.164630866915919327e+00 1.276062027980582414e+01
1.567489392030524975e+01 1.080970869788128574e+01
1.019291346136621357e+01 1.323697225641988595e+01
1.149597471803536486e+01 4.305206004006703502e+00
8.278741915249455019e+00 1.568779166702330841e+01
9.614559590121148247e+00 4.775354483756400370e+00
5.722766881075990852e+00 1.426234849994787446e+01
5.108737344776939082e+00 9.185327390713949214e+00
1.134634641301534685e+00 1.233314015805794028e+01
1.229217524402573503e+01 6.321501678487346787e+00
1.374091057723686049e+01 8.617987554852078347e+00
1.332953779743436762e+01 1.029503483911551420e+01
2.373512718921177989e-01 6.008152809058152855e+00
1.087576803569747241e+01 8.626212820051339492e+00
8.913830333218959012e+00 1.485893507771537081e+01
4.283999638851395675e-01 3.235435094682207691e+00
6.034887498794784477e+00 5.537393246866476382e+00
8.457928825138967710e+00 1.112113880019595591e+01
1.018256599657262562e+01 1.955562272393850165e+00
1.298002439273309427e+01 5.371272122091964363e+00
7.462397981853311713e+00 4.083460220109800254e+00
9.884182156310709289e+00 5.755286405969304298e+00
1.357644144052211388e+01 1.359318606785614314e+01
4.342426902941857847e+00 1.002256249719061287e+01
7.311168557676379187e+00 1.484611984230244097e-01
4.806730449123112869e+00 8.216855634886933046e+00
5.624434309018749856e-01 2.302769061942486484e-01
1.427518892526652650e+00 3.541748973023539193e+00
2.615405698201457962e+00 1.054838849922034782e+01
9.867814333403189808e-01 1.416456519284322901e+01
1.477261676858236861e+01 4.844536461810811545e+00
3.473015005397746963e-02 8.003311905978128138e+00
4.230804567652130643e+00 5.856853226368123444e+00
1.271447474997318583e+00 1.529312416559332100e+01
1.321811366298312507e+01 2.508356143790376969e+00
1.513465185237744848e+01 9.969556288788771425e+00
2.177863607353388797e+00 5.484629866084745231e+00
5.300587261967233843e+00 1.320470684675135864e+01
2.152457815314376077e+00 2.553421571893139674e+00
9.957386820785208315e+00 1.225263160800970041e+01
4.670806351081782104e+00 1.112823403520210164e+01
4.005241802805052487e+00 9.002157492138200823e+00
4.572273033888777150e+00 7.006669685160619387e+00
3.023967963691301719e+00 8.581734902117768016e+00
1.281786588164660756e+01 1.204722792459298297e+01
2.492462216913019279e+00 3.512754359370737767e+00
1.062971515560272273e+01 1.414134582914107519e+01
7.442773135850625721e+00 1.081234573993520520e+01
2.860730919402940664e+00 1.166847168123765144e+01
5.442725416719579989e+00 1.029139966946084073e+01
1.326077169505079212e+01 6.490027064237099630e+00
8.037642365328526495e+00 6.117989184066107811e+00
1.330717198523259448e+01 3.498832016050155591e+00
5.655277340964505406e+00 1.132740246607284362e+01
1.724627779305583530e+00 1.529413610842895954e+00
9.593056477196406640e-01 5.307694029512841638e+00
8.315527040463425834e+00 1.389805698751658447e+01
1.052496513072499162e+01 4.066898351968113445e+00
2.653879625063310099e-01 1.500534452273213581e+01
5.561600677023000650e+00 3.230589214420129807e-01
5.039699114772973054e+00 1.506687554766624615e+01
1.174488034699929706e+01 1.430176250620881895e+01
7.987775774986701771e-01 1.099987851068882705e+01
4.297143087104487447e-01 1.000983445001323346e+01
1.230517169934350719e+01 3.459887736756169563e+00
2.105687194576507437e+00 8.290079045180569040e+00
6.351586236815728093e+00 1.334898166310357404e+01
4.259921190467053087e+00 3.084507223379844731e+00
7.677797101410087421e+00 7.917562837575187196e+00
8.361864374116462884e+00 7.162856622138777496e+00
8.866930951865032995e+00 5.474758595252727567e+00
1.069349592634852364e+01 5.184397032498150537e+00
1.566229604666173358e+01 1.410706520680473552e+01
2.283479896936317088e-01 1.180910829582761679e+01
7.920351829818352840e+00 8.918222148931672422e+00
1.473899787423417784e+01 1.179421859498180147e+01
3.514842610703817538e+00 1.374228148758832191e+01
5.758695175557019041e+00 1.464800588444780782e+00
1.075891364350578527e+00 8.071291205987719763e+00
1.415461931552438735e+01 9.671701743168769738e+00
8.085415716417916343e+00 2.280196124259645796e+00
9.230826154559007790e+00 2.777528101378788694e+00
1.129860072263936388e+01 3.296849800548820930e+00
3.592518487870803856e+00 3.829628078205599362e+00
1.822972120039269672e+00 4.526001845481135710e+00
5.969674479038109105e+00 1.235591683508873295e+01
1.402844116200404123e+01 5.640257810345522316e+00
8.241243071052181790e+00 1.000261220253745620e+01
1.143718147852317379e+01 1.067821990618405970e+01
6.732682170770108776e+00 4.806933885569563358e+00
1.577558112267129786e+01 9.147368098676659898e+00
1.087501126038923793e+01 1.157049786504831701e+00
6.132058680069951251e+00 9.541746088318332042e+00
6.853607261339144330e+00 8.637004531388027928e+00
1.543206535795960654e+01 2.816858484188320966e-01
2.599750729150770656e+00 6.614287287835035611e-01
5.586487340330529072e+00 7.387549618905480564e+00
1.480640534631969452e+01 7.760977951509853590e+00
4.588643513539941016e-02 2.227800930252746614e+00
1.457901919156915582e+01 1.298017723458231032e+01
6.376958900503280070e-01 7.024061654484170525e+00
1.023770494114195984e+01 6.694564321051310607e+00
3.695758665220102657e+00 1.088990289376990894e+01
7.315957525440675013e+00 1.354844935810234929e+01
1.431726542573948713e+01 6.734392137144649126e+00
1.098726790954200006e+01 1.521546279346646280e+01
4.695548515641176479e+00 1.406514333523806926e+01
6.467714848308720121e+00 1.053073996771355247e+01
1.514698604841821528e+01 1.501335325166652090e+01
1.422561866236761752e+01 2.843600396953929188e+00
8.726075511119343986e+00 8.144257221787414736e+00
9.785237655250009325e+00 1.033920915821355813e+00
1.006185675259120238e+01 9.420978688477040563e+00
1.394077000473390804e+01 1.470396186244265380e+01
5.792519495437037591e+00 8.480942775029951974e+00
1.721027510666251814e+00 7.258396627107848609e+00
