6.622707051630360553e+00 1.310148858494464541e+01
1.487690041300188604e+01 1.231131204627070552e+01
1.063666524397807933e+01 4.894349744795008839e+00
1.017045671416545183e+01 1.779133834062377462e+00
1.080012439199035690e+01 5.942218765403778136e+00
7.165380282502366249e+00 3.899313513739146586e-01
6.031184587706747813e+00 9.908904834423919894e+00
1.088770155995950972e+01 1.085267238267886825e+01
7.775736193223612425e+00 1.453924437329916586e+01
4.590198641022962711e+00 8.458442038802475693e+00
1.229156238857814776e+00 6.168726403783340473e+00
1.125950560349834317e+00 1.514965522285296728e+01
2.833754221545479179e+00 8.850810350059617804e+00
3.561696797915618440e+00 7.971565171573801400e+00
8.973230349406469131e+00 9.995085228893140439e+00
1.365781577736244223e+01 8.695641630901024044e+00
6.179757242202125411e+00 1.096144195960605749e+01
1.143538075315249358e+01 7.760091195143059117e+00
1.893685685670193575e+00 7.881141484722026247e-01
5.545882168431227832e+00 2.848242981257262940e+00
6.360675725148579041e+00 2.158633191268796381e+00
7.972613849082098803e+00 9.745315635583418512e+00
1.773413428529262648e+00 1.233454314058234047e+01
1.452678361419585329e+01 7.961113335886535580e+00
1.068569951095714821e+01 1.483159171499243989e+01
9.379315084964220617e+00 7.331951504627511440e+00
1.172160264607730973e+01 5.347503556619156662e+00
6.729407148226857593e+00 1.416750667258230223e+01
9.830106059758904280e+00 1.540123187843337149e+01
8.747343264011847586e-01 2.683767973530264972e-01
6.603492665371970993e+00 8.278638190664265650e+00
7.743738721023275318e+00 4.778266435711303828e+00
2.502415305958364922e+00 1.603177487461573181e+00
2.439323879190026467e+00 7.751884572545755248e+00
2.667296323259809032e+00 2.640280219131014849e+00
1.476560311032804229e+01 5.236002173911664670e-01
1.217296236951386668e+00 1.017955299016347048e+01
1.493631513751641648e+01 2.703528990813471644e+00
3.493485914580664708e+00 1.190323885694805384e+01
1.087056370120584781e+01 9.814513955080379048e+00
8.455795457862176789e+00 1.283032812893789476e+01
2.836551031481812757e+00 4.746410302805000647e+00
1.545775493415697710e+01 7.573879584109784346e+00
1.328006415056070644e+01 1.371316879474466610e+01
1.014617480196074872e+01 1.149285502492959310e+01
4.627573712258054250e+00 3.498815640256099702e+00
1.512768610645532696e+01 6.330854274753294320e+00
4.533370156700604170e+00 2.437017220264928952e+00
8.500960811424744801e-01 3.993093860706919074e+00
1.467974166634956212e+01 1.121674322903147392e+01
1.465993805676792050e+01 1.519617695481017172e+01
1.174469972780991434e+01 9.148080081958669396e+00
5.158547913594916601e+00 1.059274186678484675e+01
1.948468446474573179e+00 9.416095799711326819e+00
1.438222412933999728e+01 6.972518631727560035e+00
2.108897615354128785e+00 1.556331040125418141e+01
1.269411803326748078e+01 1.560269535664518692e+01
1.390249144069673726e+01 1.195728260152599809e+01
1.232455380622503149e+01 6.145234549778285427e+00
8.560216814291838006e+00 4.125359057934240070e+00
5.103957198649342608e+00 1.551638783431628177e+01
1.551751522336970002e+00 1.126848604457797265e+01
4.459068211431890028e+00 7.398144404083474512e+00
1.171870651407509278e+01 1.512498761688414284e+01
6.185896634939157757e+00 1.181418946020084793e+00
1.199379933149793231e+01 1.407808624654786733e+00
8.022467615628142923e+00 1.082512132358729318e+01
2.197448218420706478e+00 6.614114316736594112e+00
5.744395370625869468e+00 4.946779773321316576e+00
1.279087161917414051e+01 9.299191544684331845e+00
9.085378658498360238e+00 1.104943961047198897e+01
6.897846567147772667e+00 5.387697282512194263e+00
1.350265128280763882e+01 7.588373698395645128e+00
7.874815219239217789e+00 5.811530037108401991e+00
1.117587340419517439e+01 1.301684915099778905e+01
1.214136220849873027e+01 2.559614032171513287e+00
1.400420938762843193e+01 4.904086630286013992e+00
7.437748646463670177e+00 7.636399533998489808e+00
1.506153202018520076e+01 1.329365082856179470e+01
4.984642930258600835e+00 9.542683577548277896e+00
1.015822684683086585e+01 1.258597176713328203e+01
9.526762450401003335e+00 4.539001480395908672e+00
9.413221653658672139e+00 1.328311060148473821e+01
3.795648455131013677e+00 1.296677013046345550e+01
1.476510511372721091e+01 1.477002288856744894e+00
1.182438353457014024e+01 3.640809394341344984e-01
1.499263744971176848e+01 5.227195631660474184e+00
1.011919006161303081e+01 6.658755100573024777e+00
5.749593892804611972e-01 7.955850470602984004e+00
5.741722198815031319e+00 8.793908435005000968e+00
1.412652683922698849e+01 3.419283576270996328e+00
1.081301818966402450e+01 3.034574115771596428e-02
8.738141098216427594e+00 1.496983326445242746e+01
7.517340175964497107e+00 2.606769940307819500e+00
1.302330859284825415e+01 1.262772358666100914e+01
9.241379221987005010e+00 1.217088893766725732e+01
1.078879352355602350e+01 8.749929248954426697e+00
5.579586849544722504e+00 1.274804507490477334e+01
1.110457574761552557e+01 1.189691146409074740e+01
7.269340246894221202e+00 1.627708748616831125e+00
3.932909148454174719e+00 1.405444923160592019e+01
6.948908472798706271e+00 1.529553068383325964e+01
8.198294861091396157e+00 7.954487351688084296e-01
1.518709915172335378e+01 1.425769375222417956e+01
4.130205086292546568e+00 4.200539116781475402e-01
4.402309231271405388e+00 1.126958552751322529e+01
4.601490657170442589e+00 1.236913620462458852e+01
1.152696895720631831e+00 1.404881354881809052e+01
7.061166672897033258e+00 1.028074018210313589e+01
1.568980038746781780e+01 3.424509653430447553e+00
4.106499182844514984e+00 6.318470227523381055e+00
1.250260468487607035e+01 8.339569387300109327e+00
1.467796674641343202e+01 9.148789193431415612e+00
1.485539315339985400e+01 4.201056567211790771e+00
3.342691292624037303e+00 9.895061192378376003e-01
9.474058587268608944e-01 1.297110839398954774e+01
8.582285375480473988e+00 1.389384847386391364e+01
4.093783908353173295e+00 1.520934294494523620e+01
8.444822661353024174e+00 3.090339697427100241e+00
3.768143712310938476e-01 6.827315261982221273e+00
6.121215056099734042e+00 5.992692944436438296e+00
1.151202048801774502e+01 4.221904270102762702e+00
1.342545088928951635e+00 7.224475902564430285e+00
9.380838019311624976e+00 2.402157608440052883e+00
1.574169429710107870e+01 9.747998443806286772e+00
1.561719240591527891e+00 8.396594784522331878e+00
1.038633276295601604e+01 2.841844374269809403e+00
3.101610558020386765e+00 1.474714957309467245e+01
1.050515629423727759e+01 3.840958695914090004e+00
5.026437007936953805e+00 5.790220776897649024e+00
5.642280533733246450e+00 3.825510864691187063e+00
3.279590388873305340e+00 1.085645103026681468e+01
1.245619220002097727e+01 4.604220333159118717e+00
3.748761171235133194e+00 4.221006137931933466e+00
1.374682227977519133e+01 1.164023344606338606e+00
1.237494068991403040e+01 3.594093532039290828e+00
5.964317787722957398e+00 1.484019995600695019e+01
1.579102137897293900e+01 4.555878062665773776e+00
6.791289034151588133e+00 9.217289405705669125e+00
1.839789607490299961e+00 4.333414926820586821e+00
1.229679804781806496e+01 1.336438480206151347e+01
1.090698205985853909e-02 1.263665047985744394e+01
2.179784630585357874e+00 1.052430674835198232e+01
1.586834561566444091e+00 3.251675880518632766e+00
1.252884397295760621e+01 1.450219878454938005e+01
1.381060238645527072e+01 1.107244014776622432e-01
9.385417479841642319e-01 1.364783394574945241e+00
2.050426263410137562e+00 5.514629170188154461e+00
1.283007531216203922e+01 1.148228911355248627e+01
1.561991633665745560e+01 1.161854554900314085e+01
7.124152866509487758e-01 1.187207653119977557e+01
9.558822600542461245e+00 1.436957554809360715e+01
6.694170718533591469e+00 4.284395061544765682e+00
4.760131092265357466e+00 1.344610212463025434e+01
3.497854433580093847e+00 2.047513530854741859e+00
9.785476322182994124e+00 5.681695324171419870e+00
3.177244944212788358e+00 6.997140242697862611e+00
1.417865331350628288e+01 1.415056102606012445e+01
1.573561917008363764e+01 1.937192839013880397e+00
1.582468601595589064e+01 9.196945076152170939e-01
4.980662352943171500e-04 1.571730407307660471e+01
8.025084981782832472e+00 1.566912446620122168e+01
8.498860900671083130e+00 7.877099324109742007e+00
1.040691598676702867e+01 1.372637531188991566e+01
7.669903197605254519e-01 9.079728183083940252e+00
7.550522846132789567e+00 3.691106071039677250e+00
5.360810547359917244e+00 1.167899867979642892e+01
1.296433414040284227e+01 1.871470425633685375e+00
5.438117848749172367e+00 7.811220808031465346e+00
1.311903045076120122e+01 5.483224340164313482e+00
1.413936393150538040e-01 1.070879674007150051e+01
9.000696580092080623e+00 6.366034770061996362e+00
1.281315406462121764e+01 1.034714865515119087e+01
1.559713102791160466e+01 8.584562661367010961e+00
2.210704318803908830e-01 1.470757309739145136e+01
7.822125133769977978e+00 8.713458676974935813e+00
1.241441324575475313e+01 7.279339316820196970e+00
5.168285152019220341e+00 7.146905041510953627e-01
1.346917841648093273e+01 1.493812231034642579e+01
9.242925295126063645e+00 1.320528173444603270e+00
8.312319376206673383e+00 1.907321601092089702e+00
1.343896181555617986e+01 4.122828542615494030e+00
9.692763309392919524e+00 8.396025289952268267e+00
5.357413398736381893e+00 1.758845317159114741e+00
1.317117455794724634e+01 2.917228213958524830e+00
6.051191892341080347e+00 1.288352254149420784e-01
5.488443336332973210e-01 2.697562936006615786e+00
2.921478335012886340e+00 1.367112990862192312e+01
2.571899316219397491e+00 1.158091681281928231e+01
1.202085327233669076e+01 1.229130909610082512e+01
8.980201171289889928e+00 1.245685908521045326e-01
9.888377728597301797e+00 9.363435906759729477e+00
1.642627743991351474e+00 2.219652859427297287e+00
1.372245437341314833e+01 1.080428199126500566e+01
3.061510468181444011e+00 5.907896725893919232e+00
1.184519750278243500e+01 1.018599883435330611e+01
2.721437714267059160e+00 3.735952810335645857e+00
4.927963007172162513e+00 1.453325603190129378e+01
5.729538182810933300e+00 1.378035267541761222e+01
1.957040713692131506e+00 1.335627636264388407e+01
1.327690080886736734e-01 1.364526611001024214e+01
3.951838491804861686e+00 5.238087961673012494e+00
2.059871385637391583e+00 1.443083923977535932e+01
8.791003082222330178e+00 5.317415256503831955e+00
1.732435970370707345e-01 5.774883716922394328e+00
1.329810823630031003e+01 6.635132156333581221e+00
2.768459751738800545e+00 1.261717458989825502e+01
1.485401340466610165e+01 1.021465893990538731e+01
1.091656693211506557e+01 1.077990823174902912e+00
1.149269368838735694e+01 1.405777117949362598e+01
8.860672648242438498e+00 8.965539601846092665e+00
1.125426667232502709e+01 2.112164836469033524e+00
3.671699348645421246e+00 3.089978148802488889e+00
1.136495581554743239e+01 3.229844690627742931e+00
6.620112242238085365e+00 3.156759841618365758e+00
3.848661469671930568e+00 9.222536053185843130e+00
7.330451234488723600e+00 1.237439353023399313e+01
9.985265819804057585e+00 6.793874610414277759e-01
1.187523447122384646e+01 1.118259679639377779e+01
6.320553047786998668e+00 7.242074694231780185e+00
1.404506891400360935e+01 1.297846224627942746e+01
1.000176778892005558e+01 1.041537029948397119e+01
1.275517796117097191e+01 7.575790458604693134e-01
9.532862481707359947e+00 3.439497751774339918e+00
7.113094685730160016e+00 1.138535711981502629e+01
7.563935858801978718e+00 1.349802416653106718e+01
7.036846962303525466e+00 6.461000382132924713e+00
4.129327364450568361e+00 1.024886605167203868e+01
4.313209336600830390e+00 1.417223730872313237e+00
3.067504248805548617e+00 9.893483191977498592e+00
1.416024175812410490e+01 5.914451485297107958e+00
1.141337656896115504e+01 6.736008406316236652e+00
1.396599009172933492e+01 2.196882321501749225e+00
9.890012792015470122e-01 5.104262596311219369e+00
1.037166299665417668e+01 7.631036899433125242e+00
5.350735150515182781e+00 6.765982177396074881e+00
8.133891864790319559e+00 6.839469621188800197e+00
6.303446614562464134e+00 1.203568211551945311e+01
8.250222714693142834e+00 1.180281010297714062e+01
4.789360133108778506e+00 4.543140217090140709e+00
3.153819879143627603e+00 1.576455952280528905e+01
1.380232044167060046e+01 9.790314521642956791e+00
