1.258319155465245665e+01 2.808042686060056692e+00
1.031528014393642856e+01 6.181536839645315196e-01
9.200657119854971810e+00 8.662996492041864727e+00
7.437858008273170007e+00 3.202963087268628328e+00
2.813122089218022648e+00 1.051185399923030239e+01
6.364064689387886276e+00 3.108486349440515717e+00
1.225967061167741967e+01 4.328111117274890951e+00
1.279050356427095991e+01 5.299549249518641147e+00
2.755260238291179151e-03 2.862184567429163717e+00
8.158536831822612356e+00 6.074419348200736479e+00
1.064343285443678155e+01 5.216687642186131235e+00
6.334162634157626925e+00 5.956929640322194075e+00
8.357241333015489104e+00 5.061815647505629734e+00
1.281684951550576024e+01 1.304585113720669121e+01
1.431964741412447495e+01 1.401788880857260544e+01
1.011633184368159455e+01 7.066977724546380735e+00
1.491469208169486116e+01 9.788346362689328117e+00
1.528391374976064121e+01 1.932170799716324217e+00
1.192453386423283668e+01 7.083625130466492337e+00
4.647897034847485287e+00 1.143662041141342911e+01
2.534677176959497125e+00 6.114345170222454939e+00
9.417020102561021844e+00 5.170676762831788231e+00
6.333458500812728431e+00 8.089402388694276524e+00
7.523305862842889491e-01 7.404451950088419387e+00
1.017270460866009252e+01 1.026666334332732156e+01
4.966807902607922820e+00 2.129139754621935943e-01
5.785274229736842244e+00 4.016741201376938797e+00
5.519760093136457435e+00 1.521505524695065681e+01
1.552380721451911150e+01 1.216435376274133162e+01
1.484322148969198629e+01 7.612348118197153291e+00
1.058838648034179997e+01 3.393279373940698562e+00
2.814795901515215970e+00 1.192166678256056755e+01
3.680492379352109822e+00 9.934781582257341981e+00
1.650026664796516718e+00 6.765977948395123676e+00
1.425530370668709779e+01 3.720398296414976352e-02
1.296408106616591560e+01 8.564642661093733622e+00
3.803670171168950009e+00 1.558479102854277432e-01
1.202285252384507430e+01 8.105722400471195854e+00
8.158123388008787558e+00 3.757212139656208594e-01
1.333587814341780664e+01 1.209938090173569947e+01
1.480915210953401839e+01 1.499681127926513291e+01
8.226902166610436495e+00 8.166568815955509208e+00
1.416465197709243462e+01 1.916234695944242228e+00
2.338163755694754098e+00 1.311320169388620549e+01
4.393398644666220321e+00 6.025930178361861067e+00
4.419210453562578245e+00 7.078508855982082792e+00
9.539196353311936605e+00 1.274281820921824604e+01
1.495573729020169473e+01 1.095016900216061906e+01
6.297579967525165578e+00 7.034837177789278861e+00
6.039132916840915577e+00 1.428296748378239833e+01
4.781157727019110126e+00 2.111192297191137879e+00
8.976303479401048335e+00 4.170895446878855495e+00
6.643982407440588212e+00 1.334943359941152607e+01
1.198692374407975691e+01 9.138867984744942774e+00
7.892880687484642444e+00 4.133962065222265281e+00
1.757340326666620101e+00 1.222044152600213174e+01
5.035217358063392545e+00 1.239462564687095281e+01
1.121732079579525454e+01 1.198368407245513012e+01
7.080146163081627364e+00 3.600105162832623606e-01
7.765182182830814739e+00 1.347431286986840426e+01
8.184910990066238679e-01 8.513189885779318899e+00
9.227144076936298234e+00 9.757088531926889630e+00
1.000060144974871612e+01 6.049396757264079660e+00
9.099030283489434323e-01 9.564905841464586445e+00
1.409005794732462213e+01 5.691865907487349219e+00
2.685313791808764616e+00 2.041880938644599297e+00
7.596663233161526030e+00 1.290881870904729611e+00
6.438659477869990155e+00 1.039609197749584624e+01
6.299191550804938089e+00 4.966303614396514021e+00
8.908119754899109566e+00 1.356596872941175214e+01
1.578831625319532250e+01 9.101690070021961176e+00
8.197480852653429295e+00 7.114807146499622093e+00
5.328742342010631461e+00 5.405237264048576407e+00
1.530041775432854045e+01 5.616701512845080124e+00
1.690963944009183706e+00 7.901131108836166206e+00
3.562101443097460685e+00 7.733974564272871000e+00
1.204204661393242759e+01 1.016705109876886581e+01
6.311781076020175352e-01 1.405806957463886242e+01
1.423880365999527342e+01 3.760729490438040390e+00
2.204080944762567995e+00 1.501390237980849207e+01
6.401731856158368927e+00 9.279999086666551378e+00
5.419015597795448613e+00 1.187203952513594452e+00
7.043366356152168661e-01 1.215157302993672772e+01
2.134848168127114310e+00 2.938421223278607108e+00
8.490786452680563201e+00 3.222831836697872543e+00
1.103711398355530982e+01 6.393272995961615912e+00
9.391370113392380148e+00 1.454109988731278946e+01
6.830369199985469209e+00 4.049830600358348853e+00
1.209842178956289693e+01 1.843574933661296100e+00
1.390182023198230077e+01 1.123953617727033816e+01
3.240063638300766158e+00 1.093969197977543439e+00
9.275958789397837023e+00 1.080152209228336524e+01
9.104814288781714282e+00 6.507571719250238473e+00
8.613112401643979510e+00 1.347211376510661252e+00
3.503461422972219186e+00 6.561918890138072946e+00
1.111078767910452036e+01 1.385312582664404601e+01
8.291232134291549372e+00 9.229582755874202959e+00
1.158817821698668382e+01 1.483094255715879584e+01
1.576908486075400084e+01 8.045755598265944997e+00
9.687149719129754644e+00 1.458531337073784018e+00
1.480395261468601475e+01 2.853341574613682763e+00
2.390451628950442109e-03 4.746091163524979173e+00
5.481188663578941522e+00 8.732381634400164572e+00
1.479694694640178376e+01 6.553261906191093722e+00
5.561036310692632156e+00 1.330324995520276765e+01
9.118303982378744621e+00 7.606762604822701057e+00
1.264953029434862586e+01 1.494324655642821753e+01
6.033849806423299711e+00 2.868983524158274512e-01
3.693783588545520580e+00 4.159599287957406410e+00
2.773109595138695038e+00 1.412948917326637854e+01
1.367540753988367364e+01 4.687799942366877914e+00
1.478899504131238452e+01 8.662570888211131859e+00
3.621885635048625041e+00 8.857186843046982005e+00
1.365758151539690779e+01 2.838715202740328625e+00
1.588772450053016261e+00 3.841660871933974430e+00
4.476279035999240818e+00 1.325198555053625959e+01
2.710141498034620788e+00 1.232536120847400607e-01
1.207851909358094034e+01 6.111239248138118363e+00
1.296075325979887793e+01 1.074979547770305643e+01
4.553331326975126103e+00 9.320349311462809538e+00
1.309493951967879433e+01 3.736299309341749364e+00
1.016819386714206885e+01 1.175922468863155501e+01
8.333114392489912703e+00 1.261132560677075176e+01
4.748602796887764654e+00 4.010198676237322957e+00
1.325118654033177634e+01 1.404605295059294612e+01
9.241512057974283323e+00 4.772545044037422857e-01
1.447058933944041215e+01 1.208174691078901830e+01
5.519826214163987110e+00 9.868610785394258400e+00
1.095599943584511848e+01 1.092253789188527691e+01
8.134240161732220642e+00 1.150338717115952747e+01
9.119695446260523752e+00 1.185042211953712687e+01
6.150558015792332966e+00 1.240507717889093442e+01
1.169534820908646111e+01 5.166997728099002707e+00
1.003158178210788343e+01 1.369128737426551901e+01
4.415744130367232678e+00 1.516345459959002184e+01
2.194046671534715998e+00 4.922815336510540263e+00
3.932495330124725630e+00 1.222319432926833649e+01
4.216166319507855142e+00 3.113687471223234748e+00
1.103962525044999587e+01 8.624809245616367193e+00
8.267236791025679210e+00 1.439318996544326801e+01
2.631175343550211654e+00 8.370580187953258644e+00
7.215702485056776361e+00 6.481941039918752701e+00
8.329483645628611654e+00 1.031707937291679222e+01
1.047497029019562298e+01 1.471879506374582114e+01
1.580049695669651832e+01 9.568873960702718451e-01
1.231587427285002789e+01 1.214937638216348859e+01
2.739178006547327016e+00 9.410187554612523542e+00
3.250992881405437185e+00 1.508566710643498077e+01
1.006708175128452432e+01 4.271562639372651127e+00
1.100678077313849634e+01 1.573105848740525126e+01
1.291431336056494494e+01 7.524764184538303979e+00
1.014517417617648221e+01 2.436316952801264701e+00
4.634168767678278122e+00 1.037819456462256795e+01
1.314671627763393857e+01 1.585317703713790927e+01
1.462815127202051479e-01 1.312804213378958273e+01
1.057728266713511545e+01 1.284791941766379963e+01
3.742417669950034664e+00 2.146851859404454999e+00
1.940084303091837548e+00 1.118842649971465164e+01
8.030394644906433399e+00 2.272118613897034400e+00
1.548349922947847901e+00 5.725705417937362540e+00
9.537403547114914559e+00 3.327740740046977841e+00
5.437078423471102262e-01 3.810786677162303349e+00
1.389422513070415022e+01 7.039256529513534311e+00
4.925350712080263094e-01 5.757027388933105172e+00
1.297758662808410790e+01 9.689476289931841180e+00
7.319750520912350567e+00 5.233134434185604533e+00
1.077289980514566814e+01 1.600242349444587653e+00
1.535002981911742737e+01 3.807375702138635631e+00
1.539317565188111914e+01 1.405970548507882611e+01
7.358761460441638036e+00 9.754594935183448001e+00
5.275623989246384760e+00 3.087358639895040557e+00
1.477206600702974093e+01 4.742207196916672807e+00
4.501696776896946695e+00 8.191200393641560495e+00
1.113998795140216913e+01 4.278354269337419247e+00
6.572680219114036326e+00 1.145925351990523922e+01
5.327936793453267317e-01 1.959206771067186992e+00
1.392971582910123196e+01 1.021668803861878239e+01
1.754382862346129723e+00 8.976180222302792444e+00
1.689033886122414563e+00 1.404806619936220180e+01
1.364140875409858822e+01 9.723546115510872667e-01
1.000482224870907322e+00 1.074895599358418075e+01
1.313595277823971763e+01 1.897438133230836321e+00
7.269601959701436300e+00 8.627030336297535129e+00
2.627866007357730460e+00 3.925293513059979311e+00
3.653579228083119190e+00 1.117422626649564066e+01
3.907416754694659211e+00 1.422972493338029309e+01
1.311328627390914647e+01 6.362309361451987222e+00
1.585299799129260734e+01 1.025894952398970617e+01
1.814389189269806968e+00 1.012113277500185937e+01
4.339124533635009051e+00 5.010559428917355618e+00
7.681152792235930171e+00 1.530282068310052068e+01
6.983101967244849995e+00 2.238954717448663256e+00
1.376404197626556680e+01 1.495007305267684927e+01
4.977039527424325094e+00 1.426697642508238317e+01
5.383967137767477595e+00 6.510614148273411672e+00
5.590201914701065533e+00 1.098306972514759927e+01
1.535231726623277204e+01 2.338403625568054658e-02
6.488167099455646181e+00 1.263304758502268532e+00
7.205266108194958719e+00 1.241095972951887738e+01
1.196772389477405873e+01 1.117364746768919304e+01
3.356879425092811786e+00 1.310350967624477114e+01
1.104108736403427571e+01 9.703029245985574036e+00
1.126707902845284970e+01 2.495999893703356953e+00
1.614680214413009685e+00 1.984818336431227292e+00
1.387400854941458483e+01 1.300728706264938772e+01
1.493307746929600555e+01 1.309588973654698307e+01
8.786412696042820158e+00 1.539484642546807081e+01
5.387798085616136490e+00 7.609844429353294082e+00
6.582747097519733970e+00 1.523871017392365523e+01
5.921747841303500515e+00 2.143401324339623937e+00
5.157978804153531271e-01 8.340868779027196811e-02
7.389576527448105558e+00 1.084795717085596678e+01
1.172931255974245346e+01 3.404052760585186466e+00
9.865895726662477827e+00 1.552422661072103338e+01
1.088585762537628288e+00 2.909326918471054402e+00
1.389406137678376219e+01 8.069329963733123279e+00
1.259013018656813365e+01 9.023899899345984021e-01
3.317687560077045905e+00 5.319148334118884769e+00
1.013911536675134606e+01 9.200660180236896579e+00
1.473426786815362632e+01 9.575261555446018535e-01
1.168900405429448774e+01 1.298310370635985045e+01
9.089683932467153227e+00 2.342596177023975379e+00
2.598645209107326437e+00 7.229616520885069342e+00
1.100858760323736796e+01 7.582294521193433390e+00
1.149470372526243445e+01 8.299470666063211155e-01
1.587471582979360107e+01 1.496399038352804922e+01
1.210316035387512423e+00 1.312413666923690769e+01
1.217896756305713701e+01 1.395030444408214265e+01
1.208027897395760419e+01 1.277486023584677166e-03
1.389515256644345342e+01 9.149059820675589094e+00
4.340528313630815482e+00 1.122728153810766738e+00
1.052400920342267066e+00 1.039818482976545555e+00
9.991620028038042389e-02 1.125385565610972982e+01
3.173504563895006125e+00 3.008385136563251461e+00
2.155100719819411648e+00 1.050560405287716659e+00
1.010470737765999338e+01 8.102847447999549146e+00
1.624284128942880656e+00 8.157459997109162142e-02
7.247490894631103409e+00 7.561029201547535550e+00
9.839612797837243505e-03 6.682474323650479775e+00
1.117260476835368888e+00 4.776153000404784521e+00
7.150621801470126826e+00 1.433814514120637007e+01
1.146646155230155228e+00 1.503887128567272491e+01
