1.215210632306015626e+01 1.268053118480478325e+01
8.094881812501227014e-02 1.116662134680574958e-01
1.046475721794110925e+01 1.510865362286969216e+01
1.401142254949115262e+01 1.048120791058230061e+01
3.702124779282596645e+00 8.149465990318773834e+00
9.129638845009916182e+00 3.603486638583341950e+00
4.724856201097223263e+00 1.554102137444722054e+01
1.138729017049970338e+01 1.555540921497908613e+01
1.202535053651398833e+01 8.484518547784956510e+00
8.878069420058002370e-01 1.203818183161940780e+01
9.453082694670136732e+00 1.472130911004702369e+01
1.493568059538220894e+01 1.089462202989529693e+01
3.742231506161660448e+00 1.266225025392813208e+01
9.829323734277267022e+00 2.089882354765338235e+00
8.306111907005579553e+00 8.543988465729155379e+00
7.707206605636607311e-01 3.059830368588391192e+00
1.585729528478626271e+01 1.252867422913523221e+01
1.382688285120760519e+01 3.867640100216079180e+00
1.835992604172532516e+00 8.112767772562580859e+00
1.120910029299746746e+01 1.221748140051106724e+01
1.218744746653413813e+01 1.480579451299863614e+01
1.397497558831842390e+01 1.156163455452289668e+01
2.884591992915464864e+00 1.432026401041471786e+01
6.717166970418054994e+00 1.420917466582855049e+01
1.299643487019734600e+01 5.642725072232691375e+00
2.695252262846176361e+00 5.295447316746484390e+00
1.266324817378199619e+01 2.292368328996294835e+00
1.394788736807591789e+01 1.260851100447519180e+01
1.449301026714167584e+01 2.195493473393958617e+00
9.250464141653015560e+00 1.124966194897830363e+01
3.862302157586043894e+00 1.382979508189605333e+01
1.203523977962300684e+01 7.335125909008000988e+00
8.957917947287428184e-01 6.447125167301511972e+00
6.489784567170024054e+00 8.674927559269530519e+00
1.120168998894563828e+01 1.330602876586784333e+01
9.758555500745588418e+00 9.792342312871757937e-01
1.495888115073091917e+01 1.416492731340967026e+01
5.782563606586717420e+00 1.485341700101020912e+01
8.077229287599058338e+00 3.154483775138203328e+00
1.305657335479921599e+01 1.320108591498073380e+01
1.100431922134235307e+01 4.642854906702819306e+00
4.620328295123529827e+00 1.091422951672213237e+01
3.530364265896156706e+00 4.657122291721536911e+00
2.028232548545516600e+00 6.509145834340389347e-03
1.016843116564928451e+01 7.392122978344228379e+00
6.739296976625427149e+00 1.606707920634477205e+00
1.290191981191452086e+01 4.517153547996825225e+00
8.306221273705499897e+00 9.659447199362096725e+00
2.844909568966551561e+00 8.720919557558790558e+00
5.391574066478099087e-02 1.362793883596509659e+01
1.017311978801671479e+01 5.218411389709173065e+00
1.863421759535666800e+00 1.033364029997184907e+01
1.486320711012894336e+01 5.415256885005549137e+00
4.765655783871074469e+00 7.436808154898526535e-01
5.538656236716010817e+00 1.138981494131604855e+01
6.591242499650378228e+00 1.305928872553169029e+01
1.191082267099344172e+01 5.137048471971835895e+00
9.271146590659538944e+00 6.836925665459872015e+00
1.568440134313708434e+01 2.678028878961721926e+00
3.446689901716132876e-01 1.114796721704725435e+00
1.489570978366018039e+01 4.307364165064576866e+00
2.686732185699301390e+00 2.939696721824645032e+00
7.271708336745812851e+00 7.035737898466206452e+00
1.256982916216162494e+01 1.200417623108682941e+00
1.489333244292158476e+01 8.747200713253597826e+00
1.339024657239861860e+01 5.832372092558032461e-01
8.572507456826857108e+00 4.208058815320991908e-01
1.188416976183217422e+01 4.091693457393896338e+00
1.084570846795555710e+01 2.505400449833493859e+00
8.366936543047668096e+00 1.184366744302775665e+01
1.491371956988721514e+01 1.309190301832721914e+01
3.719409487348191767e+00 1.153057444965855893e+01
1.960076312074644056e+00 1.262219553549967799e+01
7.603644312167936903e+00 1.467013707617394935e+01
9.263772040005616049e+00 9.005485120148023270e+00
9.211678876277431982e+00 1.014518281263756450e+01
1.239829182276752206e+01 1.587572560804378163e+01
8.535930949770362375e+00 1.519017825595507531e+01
1.326550441885292386e+01 1.532557199668768888e+01
6.355791025768554370e+00 4.309229455886681492e+00
1.391590609963352598e+01 8.279439124893361424e+00
6.320924581460328540e+00 6.501170966000844764e+00
4.827475588163025577e+00 1.436226030411800281e+01
1.027115887843502406e+01 1.283627094486314135e+01
8.284989048585563509e+00 7.398697074281171737e+00
1.107041102379869812e+01 5.732682732495398170e+00
1.881722103132476009e+00 1.485650639968643993e+01
4.631990860348092376e+00 1.204595962494165029e+01
4.592312707574700781e+00 3.036734059991125889e+00
1.830398176364222307e+00 9.235451420811202183e+00
2.893590694755427961e+00 1.532665779040241105e+01
1.539016180273667089e+01 1.659490585698743192e+00
3.572288731797601091e+00 5.795231915873954698e+00
5.655098936433140544e+00 1.035876308822196812e+01
3.720174784573700322e+00 1.033541667971742406e+01
6.278094100971697955e+00 3.115803289052002434e+00
1.491434866263263537e+01 1.199545502855947987e+01
1.751172585893239431e+00 2.495607349643780726e+00
1.117722090317256800e+01 1.108614039095747472e+01
5.671179523041579351e+00 4.937945462290355136e-02
8.561850618004189784e+00 1.412623497367444791e+01
1.410626486485330489e+01 1.476586418088134067e+01
4.519304286600507758e+00 6.409442693879944919e+00
1.426360266045372249e+01 1.581852000287534921e+01
1.018512000767980297e+01 9.519362660118812158e+00
6.719570774028462701e+00 1.530995003300102475e+01
2.881775835992935964e+00 6.808213852736445526e-01
5.729615016617723988e+00 1.141933308059538632e+00
1.006240142898584899e+01 4.148385526185382588e+00
4.595577587815856013e+00 7.615790546426991270e+00
1.071674556269993417e+01 1.449637908006731202e+00
2.796666619551773536e+00 9.844038191961024253e+00
7.655794622990410581e+00 1.354919858419136425e+01
8.850944544668308822e+00 1.423218841662998946e+00
1.475476215375829980e+01 3.216237424960776359e+00
7.379361327572070195e+00 8.040835826422034316e+00
5.472350084174387952e+00 7.018546758085889792e+00
9.555595081648865730e+00 1.982727500351289668e-02
9.417736794095272757e+00 1.344325298414924497e+01
5.511522888092342143e+00 9.215578691245712051e+00
1.799121642978571245e+00 5.976182569049507620e+00
7.158005492413130888e+00 2.582117413368389069e+00
3.625428102351943238e+00 7.014378271277581511e+00
9.192038868627762094e-01 1.421794567729292602e+01
8.294289919450603676e+00 5.314433723987056268e+00
9.730159622785898854e-01 1.531616908293881352e+01
5.366858749237131576e+00 3.687744474226725799e+00
1.582371168671513217e+01 7.049727254634291285e+00
2.760480504462490714e+00 7.609609111364966871e+00
1.291950866549220223e+01 6.757096723497527435e+00
3.776418445313361349e+00 9.256160694000454825e+00
1.027651944379178239e+01 1.169823649315275382e+01
9.995187350248531999e+00 3.107415142485132620e+00
9.101297192022597127e-01 8.650089871447725898e+00
8.334278952406975804e+00 1.077011560703953563e+01
1.182546729336205793e+01 2.909973287853111934e+00
1.587337210503829610e+01 1.467285794859304282e+01
8.920530557774087654e+00 2.595258077187975410e+00
1.301171860679990289e+01 9.954129439981334926e+00
7.670931910579639634e+00 1.025863991626635663e+00
1.125673461178587718e-03 1.143185768281687231e+01
2.820037738562234164e+00 1.208323864077835275e+01
1.034099689319589643e+01 1.393089742027249756e+01
7.171561500747797302e-01 2.068987186873214590e+00
1.402345873371905682e+01 1.370682647477120852e+01
1.020711639195152465e+01 8.423736364735631810e+00
2.593452828847631064e+00 4.036780526853176454e+00
7.297993466324721901e+00 5.938458165528518684e+00
1.296316415200720051e+01 8.913247107915065470e+00
4.711828752745960358e+00 9.853887373465370914e+00
8.466765772833563020e+00 1.298091165717789330e+01
1.304057758675848433e+01 1.213205542363979283e+01
2.763016253467651229e+00 6.461760787430210762e+00
7.317701288878965649e+00 4.879319605769932622e+00
1.573752548012596364e+01 3.749054228612296757e+00
4.444490555544928334e+00 5.308210613485556451e+00
8.281828738809247525e+00 6.351887828700387928e+00
1.491928472272473627e+01 9.823079515121031946e+00
4.638270553099940408e+00 8.583495316477119275e+00
1.748938020477213584e+00 3.508446595155746195e+00
1.206774920181687172e+01 9.524883303914606358e+00
1.389891360683586186e+01 4.999387861032313474e+00
9.332581347007380401e-01 7.552721576359133770e+00
8.626589860640158092e-01 4.124619072214864346e+00
1.485550318489706889e+01 7.668145858351998356e+00
5.518932211063765081e+00 8.132557162496526715e+00
1.013793473486917307e+01 6.312835808838831220e+00
1.892332102569123542e+00 7.008439028917146985e+00
4.446609898510266667e+00 4.170567247443539571e+00
6.579680530317431497e+00 1.082319198179811792e+01
1.167746522072930127e+01 1.871749199902013272e+00
7.965170749273420725e+00 1.999767919322639198e+00
1.204991227021586475e+01 1.158831932793242991e+01
9.258823172791951217e-01 9.783459138673963551e+00
1.399211924742487945e+01 9.369947797221888308e+00
9.247578265575306489e+00 7.887621459955181713e+00
4.714276483430295706e+00 1.827707440149463514e+00
1.354956998866844842e+01 1.678037587198133673e+00
5.368478388753644914e+00 5.805444510175348682e+00
1.659338233784197536e+00 1.390050292164997980e+00
1.890562376643356357e+00 1.144510772136131749e+01
1.826080383785639416e+00 4.713091535785444819e+00
1.387157895446351041e+01 7.249213315507442523e+00
5.400377150933985959e+00 4.783679693690077173e+00
9.712730608281978650e-01 1.309737872608127240e+01
3.706162239717041285e+00 1.348488152743859025e+00
1.580135677559649032e+01 8.149076352549474933e+00
1.459221374911978408e+01 1.011866146542326206e+00
1.788775521084157855e-02 4.788749973801452953e+00
1.195687520627350331e+01 6.286423600003043788e+00
1.107143588639080889e+01 6.809417546507096297e+00
1.216037088983305026e+01 1.371691077690094396e+01
2.701353954806593460e+00 1.866545315628666657e+00
1.272956616360591475e+01 3.423798842064642578e+00
1.482637864067919864e+01 6.528088537406422809e+00
6.564597285039270425e+00 5.341134476761171257e-01
1.365808904756317155e+01 2.842618894829396670e+00
5.584956486529761399e+00 1.256040358831864623e+01
8.963196778895914374e-01 1.086999711867637863e+01
9.644277314315746752e-01 5.274837719768514788e+00
3.836521452844030566e+00 1.492525822199697316e+01
6.476325524001323330e+00 9.711999237554044484e+00
3.711964458811892964e+00 2.424538011004306881e+00
6.389717884647771129e+00 7.615035641748412409e+00
9.389059437042934775e+00 1.226534123109320440e+01
3.566095734394639116e+00 3.571918762635598821e+00
3.827283831442177320e+00 1.548465552877608398e-01
1.128131383963115830e+01 1.441155000935310149e+01
5.804062808043750188e+00 2.211428621630086688e+00
1.296764569938934741e+01 1.099594155588254552e+01
7.670729585518390792e+00 1.572454659308693259e+01
1.510395058176812633e+01 1.526673243080652220e+01
1.916616056521154299e+00 1.374553844706037964e+01
7.497275605553806344e+00 1.245723769112558799e+01
1.146698127736886397e+00 4.759117539337033298e-01
2.816523244393402958e+00 1.323627144034636949e+01
1.173383574127729104e-02 5.902500896977175060e+00
7.427712030521106179e+00 9.123112314957392499e+00
9.275077281434903398e+00 5.774628165814283953e+00
1.118717312145843579e+01 1.000111597730533042e+01
7.228356286864776159e+00 3.683608659331792712e+00
1.021007428296525354e+01 1.060907913087636167e+01
1.385135872135013102e+01 6.152087277342265459e+00
6.507798121411183523e+00 1.201312898550980002e+01
1.307633463796262063e+01 1.427292571666869669e+01
1.163556759166895382e+01 7.519703339889330929e-01
4.732984532071534467e+00 1.322679012778663044e+01
2.777184165174348074e+00 1.089275612963006701e+01
1.093616461780285398e+01 3.548108184975318213e+00
5.743970143462028943e+00 1.377409701502767270e+01
9.132251179721551537e+00 4.737907482711396057e+00
1.582209551005791859e+01 1.035846596121568908e+01
1.207694715107177252e+01 1.053055495289364174e+01
1.113828911137570010e+01 7.892998166512387392e+00
1.111001389340460754e+01 8.945455992895194441e+00
1.059121965314894354e+01 3.386495774609706855e-01
1.294927998077355014e+01 7.781768889435502601e+00
2.473966848489068948e-02 9.180384195321693142e+00
6.369685913265448640e+00 5.382134197168653600e+00
7.428700862339708166e+00 1.136974007614667315e+01
7.491528277306412242e+00 1.024323872989192097e+01
8.202262701150308644e+00 4.186351108494635653e+00
