8.300834967633718975e+00 6.239557355427491458e+00
8.979426668867729333e+00 1.444740870612947203e+00
1.205377714171216308e+00 1.192464277159984931e+01
1.492229688487734407e+01 1.247153490790146924e+00
3.519792932631922611e+00 1.474683011197387117e+01
4.572847918314557170e+00 6.931351986398445852e+00
1.428786700780692698e+00 1.406742237778744276e+01
1.469008423036401467e+01 1.936328201152424100e-01
1.238664245827605548e+01 1.062277160445212765e+01
1.399707141012295253e+01 7.163128566501407946e+00
9.539282759327779360e+00 9.174986811964124911e+00
3.953303978962793508e+00 1.037432260396985217e+00
1.256443037503558013e+00 1.297687401829809417e+01
7.602819953740479697e+00 9.301753883533383060e+00
2.746001153429871611e+00 7.292444991978278779e+00
7.177702753008976977e+00 1.414435461917623904e+01
2.336216966015108865e-01 1.251410685861661776e+01
8.602490180168052447e+00 3.110422103375138025e+00
1.792062287607093296e+00 9.065810625858045313e+00
1.008306611869453384e+01 1.653873761886081928e+00
5.200898860962234416e+00 5.284152129198477432e+00
1.369264773675323354e+01 1.560141616311364565e+01
3.134589678635845811e+00 4.460173391854344693e+00
9.384585762272561027e+00 2.444616139272898447e+00
5.109637595272548793e+00 1.119202112682138406e+01
4.552932179435797977e-01 3.765494172655676763e+00
8.988343621577820741e+00 5.432067584604033605e+00
1.548234593370925616e+00 1.518389440142106928e+01
1.225408465489574050e+00 2.120357444636663757e+00
4.917382205599245104e+00 1.019172925693331955e+01
1.164239287002967416e+01 1.230448605017629227e+01
8.541703084734743712e+00 8.754185462871086898e+00
3.268163113808649545e+00 1.272850220274705535e+01
6.621149878508372666e+00 7.753401727462780890e+00
8.051328504695890231e+00 1.259994432769783579e+01
1.082558858859114359e+01 1.294638139252705500e+01
1.224891734520887343e-01 1.030629597319716595e+01
1.026760142415750199e+00 4.888472558039747895e+00
5.606861125972952387e+00 7.372099595035551012e+00
3.694308735326815363e+00 1.586461459931478224e+01
1.388011055146863182e+00 3.180554703786110160e+00
1.525899540353301020e+01 1.310531473666361890e+01
5.299916178502254382e+00 1.439714062662122629e+01
6.657367621365995802e+00 8.889005688245694259e+00
9.965156872011391442e+00 1.365727715823255295e+01
7.011779416005051502e+00 1.204514930085718838e+01
2.154409342404854308e-02 4.780220294535657111e+00
7.925296865773379551e+00 1.153666980897020267e+01
7.323995216979612977e+00 5.909022097790677996e+00
1.996298060408752795e+00 1.009947855792689886e+01
8.738547327219785998e+00 4.226174165948591188e+00
2.165175064443223718e+00 1.233781398401504248e+01
6.945797673646617376e+00 4.873603325752668525e+00
3.412526508612222731e+00 2.727419653367911589e+00
6.267823554774839323e+00 5.631752348018111753e+00
2.833026333027381938e+00 6.333438072575410249e-01
1.040674707009476307e+01 6.467079397277887054e+00
1.275075547482830096e+01 4.803665247518057457e-01
2.812346310990755605e+00 8.360860188159124462e+00
7.524943633234451923e+00 7.066017044309806039e+00
4.268505023816099531e+00 2.116024834168809043e+00
2.845397106458807723e+00 9.426455782262582517e+00
4.658280708383174762e+00 3.186917176391756090e+00
4.909510384637391645e-02 5.809304616491231421e+00
1.153183566399665239e+01 1.122712873057502669e+01
1.257155922116620239e+01 1.276164415695697762e+01
2.150453802763918620e+00 1.123298923220618484e+01
1.040725918879853928e+01 2.659105261923262464e+00
6.135607613554063811e+00 1.375526319601635450e+01
1.018697021904415045e+01 7.539377748380879041e+00
4.861170852355362060e-01 1.481571356947494422e+01
2.373298804710314069e+00 5.108197201318989578e+00
6.032228726295700838e+00 1.168416748598792232e+01
3.791341515843031917e-01 1.353797103220403031e+01
6.903735549091316592e+00 8.717730239595330444e-01
5.081988451447956301e+00 1.338005652843466642e+01
1.147479137843671992e+01 1.014460154974339723e+01
8.510200664362903566e+00 1.523456927585396059e+01
1.173300043222937072e-02 7.053077934578873887e+00
1.077332022778042742e+01 1.569151873945353692e+01
1.403340227103265292e+01 5.938088380644821918e+00
6.411241842279163272e+00 1.477429186162410879e+01
1.054953996523448900e+01 3.726178534414331445e+00
1.415462191752468080e+01 1.043766087188036984e+01
1.109975956142182696e+01 5.681833022593779425e+00
8.158573608268834931e+00 1.384339182462773366e+01
1.053356076082492621e+01 1.070457760940115932e+01
1.445370867096931100e+01 4.181696293713964785e+00
1.250016318239099533e+01 1.174853087822782172e+01
5.930576127099386419e+00 4.592002099507019430e+00
2.538368451763454992e-02 8.148490713811632702e+00
1.269733614257340015e+01 1.530987985557158204e+01
4.662047890481111345e+00 8.025362740238863424e+00
4.794713728313545253e+00 3.463863662656400666e-01
1.100311897764061264e+01 1.397576048625568212e+01
3.134919153104938516e+00 1.701239610912848033e+00
1.304304092056757725e+01 1.477615006678904219e+00
8.240539574310511428e-01 6.431283491056857038e+00
7.758579145105698238e+00 1.950890467221498281e-01
9.735308474586048533e+00 4.446442213413409839e+00
1.190393236268233679e+01 1.348749147833578910e+01
8.563298893456341432e+00 7.268513457458680271e+00
1.562832367757207308e+01 1.545602502001213985e+01
4.302420951184920739e+00 5.840421097134912642e+00
1.228881595520056358e+01 9.465501410181959230e+00
1.492867060112285316e+01 5.171512602237185341e+00
7.202597574212165066e-01 3.939406619835159051e-02
1.510659735514361124e+01 2.359378764856579380e+00
9.562222302265679374e+00 1.020486345711912612e+01
1.163999153738021697e+01 4.045050691021810252e+00
9.785643349361858867e+00 1.136694955535359597e+01
2.839591415402507035e-01 2.705925392108624372e+00
3.788147277711939598e+00 3.694021620854405885e+00
6.548948112349113337e+00 1.577708635853535313e+01
5.953267155245995035e+00 1.053062910898661109e+01
7.803094293906902124e+00 1.054910699270481267e+01
2.272057805545775189e+00 1.338242076439771111e+01
1.204226874063302333e+01 6.140170461637421973e+00
2.706314106213181692e+00 3.531731619437312286e+00
4.214104170197977339e+00 1.281078083521618360e+01
9.363328090775466350e+00 6.584720759944433510e+00
1.440069406655988793e+01 1.266672770135283166e+01
9.320784732206821133e+00 7.972909989765981642e+00
7.681230056904961856e+00 8.093679134545395115e+00
1.507555711190818037e+01 9.835382263412180137e+00
4.480962179264690981e+00 1.514905476256386052e+01
1.350708937056638170e+01 1.219508959173503904e+01
1.242370179690023768e+01 3.274135310981671765e+00
8.951094545516907530e+00 1.317877326643297842e+01
1.196626192691519286e+01 1.164526148074669143e+00
9.185550368041323077e-01 7.515210188675292891e+00
6.160767447105356176e+00 1.266281593927474169e+01
8.506858966498588970e+00 9.881153600868421094e+00
7.139140463228165423e+00 1.306080940042305905e+01
6.686795657024022788e+00 3.770700763691121615e+00
1.348247806896231182e+01 3.682425538093814676e+00
3.469215862264512396e+00 6.566417510936816804e+00
8.940096352701099036e+00 1.205836197807443710e+01
1.322293427084525241e+01 9.962984095119246319e+00
9.617725071500537126e+00 3.457755725498793620e+00
5.507912991324527496e+00 1.540347912971986233e+01
1.225619483513812646e+01 7.243516046679235210e+00
2.568406832819384089e+00 1.544871393078325639e+01
5.475286676429847788e+00 2.460685860403554859e+00
1.055191926672140035e+01 9.582941869851294925e+00
1.464704770172561510e+01 1.493290191951540002e+01
1.528406080284887736e+01 3.382829567219020728e+00
1.812433550589334308e+00 3.703109277853064984e-01
7.708234385760848184e+00 3.924753589674034870e+00
5.688709810815756107e+00 3.548898061505119106e+00
1.347764624771909858e+01 1.336913966690131694e+01
1.180764253035902200e+01 5.899788962326116271e-02
1.558224050017704032e+00 5.761542137463123048e+00
5.686599653345675520e+00 8.476906337754430254e+00
1.846600162889973307e+00 4.212429873845486838e+00
1.318528915889452513e+01 7.762320996362048753e+00
2.474090362941639309e+00 6.120511691374295182e+00
1.290551015779471378e+01 5.605503486345833508e+00
6.829821113088018869e+00 9.950809843256394061e+00
2.312989814559024193e+00 2.536438515894447576e+00
8.200609125929224419e+00 2.140475584763199546e+00
1.430500380619605671e+01 1.153299921010036933e+01
1.009372523632213614e+01 5.392820554192549132e+00
1.501678783535696482e+01 7.626992953992751900e+00
6.470680769057811865e+00 6.699724668905800762e+00
3.211364119497901903e+00 1.173862321279432841e+01
6.444576081552797930e+00 2.664831584374721896e+00
1.083921961306689319e+01 4.673530496372862331e+00
4.784599640726084679e+00 9.096821157227696020e+00
9.261082417614364681e-01 1.084479240062444561e+00
1.376954123343672087e+01 7.604498371523132905e-01
1.500690645314870508e+01 8.783788793729101485e+00
1.125977607353337007e+01 7.868428735329767498e+00
9.847860548612993981e+00 1.259371020370281791e+01
7.170063917259105857e+00 1.956505419665689027e+00
6.903407843605868344e+00 1.102150031355757243e+01
1.406314767783253750e+01 1.822200258111502436e+00
1.435318615022571720e+01 3.059651674303232038e+00
2.451996206579210469e+00 1.446098554132662173e+01
5.411370988600560317e+00 6.314699329200787581e+00
1.333304886946446999e+01 1.106761450311593364e+01
8.718578496895909025e-01 8.654658217829561906e+00
1.542795013064384690e+01 1.413627434413973383e+01
1.365652361719935826e+01 4.842421931954124403e+00
1.192249937890436229e+01 5.082777840144857784e+00
1.094496074249670237e+01 8.432289771724257310e-01
3.827968634286386340e+00 9.786937467903133125e+00
1.813059346658919768e+00 7.998306376405544427e+00
1.438809987967420234e+01 1.379311496334870490e+01
4.268054404102898935e+00 1.182026999282625468e+01
1.141803162560891849e+01 8.982230283539198723e+00
3.703733162133059142e+00 7.620419145939793637e+00
8.877710818390156078e+00 4.024340327084002800e-01
1.335918402879607036e+01 2.654672794305659611e+00
1.027376579007299284e+01 1.467781257355679436e+01
1.169013569631036376e+01 1.484048603425269164e+01
1.586238456352434412e+01 1.655863631612367604e+00
1.044579478675514395e+01 8.565638744731801424e+00
8.754122478317428957e+00 1.091218380977385038e+01
2.076014072634992047e+00 1.492095206661620876e+00
1.572510686147252557e+01 5.966184079012994967e-01
7.936833272352428637e+00 1.162826554730757245e+00
1.512963999604551191e+01 1.083877646216032353e+01
1.520347531489559501e+01 1.201497149352382010e+01
5.043633663158832547e+00 1.438207856155478748e+00
1.127056788091457307e+01 6.874559999696445267e+00
4.273737374485633289e+00 1.412735805025990743e+01
1.408245946491354594e+01 9.351916724251044144e+00
3.810841310885074495e+00 8.730268351685801065e+00
6.137736314105527669e+00 1.627024224969982225e+00
1.408834846512980832e+01 8.259978942445377115e+00
4.084743125785975870e+00 1.081736054748693832e+01
5.154219233595180860e+00 1.229322845865588931e+01
1.097058740116023001e+00 1.078763941923829783e+01
1.226051614351647423e+01 8.364624260478443318e+00
1.142645745313686234e+01 2.980737490446500271e+00
1.322433464734983488e+01 8.947569315655876210e+00
1.116891644051428933e+01 1.846424684189834409e+00
1.497748242290639453e+01 6.426716157649615013e+00
1.756749966532237028e+00 6.868101091882873988e+00
7.395619980713576957e+00 1.516312281950977869e+01
1.228899762854913824e+01 2.219265207445144661e+00
5.797489426251607014e+00 5.612088924268694434e-01
1.064804524567952271e+01 1.198176930360584080e+01
4.915580942313788171e+00 4.168314339504049393e+00
9.883598900387740027e-01 9.712302239472245802e+00
7.957983806768241131e+00 5.076655094228091691e+00
8.067948956949903827e-02 9.227879636210403191e+00
2.147059020800939078e-01 1.139104382723980180e+01
3.226860313393234758e+00 1.372130353168582317e+01
9.552233348896233878e+00 1.538322066787273812e+01
3.358397375731462464e+00 5.484799775796676435e+00
9.151407603039347194e+00 1.433403039016847558e+01
4.127666380405424107e+00 4.818032143445260651e+00
5.770790518766101940e+00 9.479847834530515271e+00
1.272213302667047863e+01 4.347385922398952829e+00
9.892009819158655404e+00 5.521721617610212407e-01
1.363263050222963102e+01 1.447099028268000964e+01
3.007460660372110794e+00 1.054985734289114241e+01
1.314037423821995354e+01 6.626144708671845684e+00
7.493352665157406278e+00 2.945073659595217386e+00
1.259683460507011787e+01 1.419994710214569977e+01
