3.911527789758447060e+00 8.125214252912307700e+00
1.483556183876902601e+01 5.867502751107121384e+00
9.087254175851960269e+00 1.350665236508900691e+01
3.277187064066310551e+00 1.314775097561384953e+01
3.999483836905307843e+00 1.381354734147440055e+01
1.584967123095598751e+01 1.115950073848453528e+01
8.970147607558212499e+00 1.534292317990999877e+01
5.934471111542170441e+00 7.630831079275002260e+00
2.666236158454163618e+00 5.559230122733088031e+00
6.914579077966320320e+00 1.507823302191764192e+01
1.374843624148916277e+01 8.797604818822961192e+00
6.059937443027640924e+00 1.039913425753901599e+01
3.265898505865198587e+00 1.029451725938055340e+01
1.360082919091196985e+01 1.439969836640807443e+01
9.279758729412178608e-01 1.486686761335426787e+01
2.397595088175914768e-01 3.049571346231349178e+00
1.438479657365377484e+01 1.519962725212601740e+01
8.280798104383192637e+00 6.981982799124510919e+00
5.954182098742988316e-03 1.420073736986231872e+01
1.232720007446997457e+01 1.551216221331629619e+00
7.927985280389204803e+00 2.711530416065528470e+00
4.450913898216477982e+00 1.286962769245903182e+01
5.112019833628878906e+00 1.079989374027175586e+01
7.927231920572693546e+00 7.965478498127027684e+00
8.362979067717125403e+00 1.264621142753428806e+01
1.282638554285921906e+01 3.185026029094641498e+00
8.067481462156072425e+00 1.382039347535218887e+01
8.322627627411177897e+00 4.289450913276640520e+00
1.194398542331928859e+01 1.124795370823162877e+01
1.200777890217051969e+01 2.501996780289724498e+00
1.432346859373561720e+01 6.736576215291012026e+00
5.958987602717682464e+00 1.435789042911320479e+01
1.260152486415688333e+00 1.389346037218929730e+01
4.235110842453170044e+00 1.956169752540656059e+00
1.487942063256232572e+01 1.137488018854785565e+01
9.739082420732319889e+00 8.651250127409525703e+00
9.454076152791781595e+00 4.022687335422327592e+00
1.223870792852542522e+01 7.152038545022733729e+00
1.864997494105454567e+00 7.652853222513405385e+00
3.571229116824265137e+00 9.338650370002183010e+00
9.265035696866967818e-01 1.177223786043582976e+01
1.189021227275337189e+01 8.290631259457450497e+00
3.645284436370569647e+00 5.105960947696079444e+00
1.012940304487076837e+01 1.052514058607316549e+01
6.849145682387680623e+00 2.958452661886445068e+00
2.535239966518334054e+00 9.565229721909817684e+00
1.434332677852423110e+01 9.610602717450639432e+00
2.072245472711977676e+00 1.452657808478514490e+01
7.190154153300068351e+00 1.964889079555510065e+00
1.545431259890922071e+01 1.513965907503424724e+01
6.362088389804485544e+00 9.316278426888047193e+00
1.474381796042315784e+01 8.641769589968001597e+00
4.530352365172213291e-03 4.002273105701816824e+00
6.879790039171458815e+00 1.120668284964168393e+01
9.458479949008122389e+00 9.672780655711710196e+00
1.068301593326792265e+01 1.419724936713766006e+01
7.576446799102632745e+00 9.007928131675956962e+00
2.027199882454265634e+00 3.695274079596821970e+00
2.791380856847031078e-02 1.222481394362735152e+01
3.000570754990430800e+00 1.126340892970901741e+01
2.491690894683088686e+00 1.392942473526648017e+00
4.867076198238684093e+00 3.639653236117174728e+00
3.276231202342010373e+00 6.444998327751926048e+00
3.920536350156350824e+00 4.034000007644197083e+00
1.293535270629957701e+01 7.878786672448225836e+00
1.063954174052245572e+00 4.003740269307996869e+00
4.123467880314781731e+00 1.110429433415525580e+01
1.130559694919244151e+01 4.521096091585116383e+00
4.882353359614142185e+00 7.734840836795356722e+00
1.262225287345379954e+01 6.179929405706874768e+00
1.121307916653561776e+00 1.081993703878004887e+01
2.137216368476576811e+00 1.059524548765116059e+01
1.267063078573504953e+01 8.925844362449678826e+00
9.850051665593992922e+00 1.150698142951659619e+01
8.727265215868856174e+00 3.328938875724947621e+00
1.205672835671368226e+01 5.225543859656451851e+00
4.751500821032998090e+00 1.632066021946577961e-03
1.162176429711076331e+01 6.354779528788532694e+00
1.211480037512799335e+01 1.294594372594861298e+01
1.323520451020164046e+01 2.275642572056992385e+00
3.090327990819803916e-01 1.013323887525207923e+01
2.649114627328712501e+00 1.232470516823247131e+01
8.797862690470868330e+00 6.037435811820546228e+00
6.579648701350234719e-01 9.079099561419091913e+00
1.293404936154094997e+01 1.354701418320069628e+01
3.179429985471314279e-01 7.330445073860629712e+00
4.324934642006236452e+00 5.934769504725686318e+00
1.109607259841983584e+01 1.328484715927960913e+01
1.504245955535112955e+01 1.435831502633364287e-01
1.048487673883818161e+01 9.133752749030215057e-01
5.728975731745324929e-01 1.309581337132136980e+01
1.432203503419605006e+01 4.999436071746943711e+00
8.788647200129517500e+00 1.177328336358112715e+01
2.295475210168151925e+00 6.531506205833732537e+00
1.151696424253227846e+01 1.498631603615445052e+01
1.347214178117447325e+01 1.555261017760740572e+01
7.900356116976340104e+00 1.089101189346107112e+01
1.231791451310303920e+01 1.018963288281113400e+01
5.057000962656024612e+00 6.684786291639077227e+00
2.343938451400324308e+00 2.711431531974227038e+00
1.159430745209964542e+01 9.327657271812764606e+00
9.238443324604064255e-01 8.141861716293401940e+00
4.431045100644341872e+00 9.524519530943938994e-01
1.100437242368841417e+01 1.645069257958757525e-02
1.189334543014637546e+01 1.404585087950088074e+01
8.200812011539567736e-01 1.091662688361793032e+00
1.349702870656920517e+01 4.066544425402547347e+00
2.779218501672239050e+00 1.524064817049690390e+01
6.388727866429182001e+00 5.257771934911479761e+00
5.176042860836479242e+00 1.370278674746449354e+01
4.555247105473163138e+00 8.983902900476961051e+00
8.002871140639085112e+00 1.487686080208619721e+01
2.985596512875860142e+00 7.414717860297341367e+00
1.505263841391513591e+00 1.799129114080008751e+00
9.863031146550433448e+00 5.764299208748617787e+00
8.135440346073412599e+00 1.523976755459460541e+00
1.461190132930603625e+01 1.243626212736048586e+01
2.235701810041201387e+00 1.348594774817170538e+01
1.189172843538942814e+00 6.688642158033899499e+00
1.534947359577422965e+01 6.733516536040775158e+00
1.506296528287792924e+00 5.702655510228352043e+00
8.365305488691790359e+00 9.841438818145128664e+00
9.185059158247311117e+00 1.171535446250925316e+00
6.655281899775999932e+00 4.048852043748746965e+00
6.678190381030349343e+00 1.223169424079020118e+01
2.825810721974714390e+00 8.578303408148748588e+00
6.836079566528068696e+00 8.201298850151420794e+00
1.087303690653146049e+01 1.131878724642627532e+01
7.530293224816734465e+00 1.580915960114097807e+01
1.219955738904532261e+01 1.573569926230057625e+01
1.585287598331987802e+01 5.851068576087327777e+00
3.890892173620891459e+00 1.482299318351425477e+01
1.330712788610169994e+01 9.787861433628176400e+00
4.095125635974564027e+00 7.059399488322330996e+00
5.531761853498368353e+00 6.569507204759377217e-01
5.107979395514520959e+00 2.682798086974162555e+00
1.310389601038018981e+01 1.101713731871785384e+01
7.102273327111057633e+00 1.411541958167187083e+01
1.572395825330582930e+01 9.659830313752609809e-01
4.823217063400911719e+00 1.187502631150986510e+01
1.386862135854378586e+01 3.186683574401724339e+00
1.404836903560716976e+01 1.067924913154688760e+01
1.528260381665090328e+01 1.319592639201245454e+01
1.151884407663936472e+01 3.421861249710484554e+00
5.631400329540801053e+00 4.441232286014894726e+00
1.114426481669381808e+01 7.369598104987518106e+00
5.433595581507357775e-01 4.987189200208657525e+00
1.578135576881286362e+01 8.397206033884339504e+00
1.501360097925270587e+01 3.156093113675133122e+00
4.904521470460432298e+00 1.475198624815761761e+01
7.051438356106873862e+00 7.062488245601584502e+00
1.236264265187226208e+01 4.204059265552830382e+00
4.288485483614260518e-01 1.579024999259867279e+01
8.671255763655601356e+00 8.830275762228495751e+00
6.531124621991887480e+00 2.798249904642450270e-01
3.726985784932609125e+00 1.587488385232620836e+01
9.591447401269146411e+00 1.434826445268387829e+01
1.334141923453345591e+01 6.984716234202567264e+00
1.262578359911548986e+01 1.481311599290805425e+01
1.385650206931552653e+01 1.168071645731958341e+01
1.370927392074187168e+01 1.379839805260791641e+00
1.284136176802000096e+00 2.822841398071674668e+00
9.952093907070326040e+00 1.958239805193824346e+00
1.055204957628752283e+01 9.499797966877139288e+00
1.101652199755065809e+01 5.505030250705348571e+00
1.054806022902253737e+01 6.519261345726356183e+00
3.450373562524685855e+00 1.127171728552242902e+00
1.912719692474635691e+00 1.164911580201002295e+01
1.407644070278392512e+01 4.578443106911780358e-01
7.643028336996055216e+00 1.194289949060819822e+01
1.072561054909157896e+01 2.720611309728417027e+00
7.061380151125543847e+00 1.020503636873809938e+01
1.365533175882698025e+01 5.933760748264076845e+00
6.431654692659269479e+00 1.334756034232323474e+00
7.268395732917419139e+00 6.015489115958043698e+00
6.079148555625099704e+00 2.289249617997015651e+00
1.538036956118792276e+01 4.896526297719774767e+00
1.697742384693826434e+00 6.642048469053420945e-01
6.393223013931264020e+00 1.335172558629282413e+01
7.419558112527040450e+00 1.296366183193605082e+01
5.438831994360207034e+00 5.617645527390219051e+00
1.108518866875018638e+01 1.691813006917042728e+00
5.359021938347994229e+00 9.608125673461087146e+00
1.011645488985188912e+01 1.335400186566588587e+01
9.695874873795146343e+00 2.965831092108792255e+00
2.887802867521093830e+00 4.260495687422969802e+00
1.402925518465969690e+00 9.791482354770421281e+00
1.274106463639465581e+01 1.203772475057128943e+01
1.295066535405805297e+01 6.519783586743055359e-01
1.435566371602868863e+01 2.328507066332723863e+00
3.168861815611829336e+00 3.306148991972687856e+00
1.639055127787980570e+00 1.268423334485448528e+01
8.472706887234261686e+00 4.252863686994759473e-01
1.017621869911373089e+01 7.623827432413031957e+00
1.029876054522334350e+01 1.514397565057507755e+01
9.409926940600696454e+00 1.250430318967964283e+01
1.996831139469354088e+00 4.687829951500157577e+00
1.474936968625955735e+01 1.234321884492851407e+00
1.400868394399147654e+01 7.853541249310850070e+00
7.401075924853944166e+00 8.687841179409196979e-01
9.190603005211229970e+00 7.743505373138961367e+00
3.767187485877605546e+00 1.204626230838435852e+01
4.425997556812286682e+00 9.992775304681291715e+00
5.235094509432207666e+00 1.658489852769651440e+00
1.544091615196777489e+01 9.392616777200457179e+00
7.602137593793170112e+00 3.623706355515982303e+00
2.693439301053237589e+00 3.902317193674787466e-01
1.084632800820752152e+01 8.452332923201613113e+00
1.049455380510740810e+01 3.745064080358020853e+00
1.749637350353232979e+00 1.547286180714602466e+01
1.347533743872262946e+01 1.271586422386464754e+01
8.936896346742589259e+00 2.171159315678309554e+00
1.309681234723329801e+01 4.989761782692960779e+00
1.745972383824615948e+00 8.763553762347127574e+00
1.421694358468822550e+01 1.341291555071763675e+01
5.714003225207787473e+00 1.539234587471665350e+01
4.126841372514711281e+00 2.984940204249090900e+00
1.536166111486550712e+01 2.155394494512082648e+00
1.503666864310410034e+01 7.637031907938698794e+00
4.631152758081417353e+00 4.834782797631911322e+00
9.548115337851813322e+00 6.775379137056503964e+00
5.426867506255785845e-01 2.040529233342137427e+00
1.482714469697500803e+01 1.420832214477076150e+01
8.996803853235617154e+00 1.078704369942423291e+01
2.988809956037451698e+00 1.421075140517059765e+01
1.509206770580288470e+01 1.036502433051193428e+01
6.178412266251865681e+00 6.412062153895619510e+00
1.464580236207486230e+01 4.042279071974951954e+00
5.787707070865319992e+00 1.165153058452518486e+01
1.047794980786067676e+01 1.237574554523221160e+01
9.142349654823998861e+00 4.970870082460479900e+00
9.785001670817523589e+00 1.656933743942378967e-01
5.822577338914734391e+00 3.389193632582753413e+00
1.025931518504349782e+01 4.754527430982668612e+00
5.523433977420093122e+00 1.265218018781835418e+01
5.589734624666674812e+00 8.616289742779905225e+00
7.291044448745622297e+00 4.830179258107821560e+00
1.147696203094399081e+01 1.220966772367935604e+01
1.155508448329241666e+01 8.028153486482988432e-01
3.242326842475515392e+00 2.196324521123307338e+00
8.166377839313229359e+00 5.305616247348907244e+00
1.125978367031073191e+01 1.033226343132590408e+01
