1.686576136734465825e+00 1.580547258779640085e+00
-1.454403976997384884e+00 1.799148704119576614e+00
8.168467261394966039e-01 1.083010378102254645e+00
1.212777573692536581e+00 -5.510344743864603601e-01
-1.243872893057588858e+00 2.934447792050535742e-01
2.630908941211683172e-01 -6.226931348759610074e-01
7.145465640786137218e-01 2.203398019811410702e+00
2.180211416924368706e+00 5.963372961769187741e-01
1.384655017623036555e+00 3.001207048589210058e-01
-5.162586455296991339e-01 -1.457748590195229177e-01
-2.084251154982612597e+00 7.993127389551204498e-01
-1.181056639156156773e+00 -1.662155232704560115e+00
7.761505505505350566e-02 1.446892927622428715e+00
1.652263981575214258e+00 -1.556406939432569470e+00
-8.619261627935537184e-01 1.116697790257437095e+00
-2.063543245500118584e+00 -1.121538255248645477e+00
2.175480514420030431e+00 -4.502821640497381983e-01
6.519743874983415788e-01 -1.397616699457731926e+00
-4.332036324240585157e-01 -1.190506845358948684e+00
6.048552248508565210e-01 -2.277251164982277309e+00
-5.018230388348268178e-01 2.175616929766952090e+00
5.676867251682675697e-01 1.117942127606167957e-01
-1.579895767311673693e-01 6.019789442565859350e-01
-1.239792423764668916e+00 -6.193088806001582070e-01
-2.241770658336417199e+00 -1.324039695761386470e-01
-4.334383440061080894e-01 -2.164712167442039092e+00
