2.809224030157781158e+02 9.949999999999999289e+00
2.969604528224584215e+02 9.900249999999999773e+00
3.286130797012949074e+02 9.850748749999999276e+00
3.484039580608380220e+02 9.801495006249998809e+00
3.451074495465434211e+02 9.752487531218749339e+00
3.425276066259671666e+02 9.703725093562654891e+00
4.723927356381252594e+02 9.655206468094840844e+00
4.346710541828822443e+02 9.606930435754366115e+00
4.235771868486722838e+02 9.558895783575593441e+00
4.024990035563210995e+02 9.511101304657715971e+00
4.295828766911973275e+02 9.463545798134427756e+00
3.699790671065729839e+02 9.416228069143755874e+00
3.716554855612883443e+02 9.369146928798036456e+00
3.980614339419165617e+02 9.322301194154047010e+00
3.679102470703489871e+02 9.275689688183277326e+00
3.652096915584118051e+02 9.229311239742360229e+00
3.723799607645514129e+02 9.183164683543648010e+00
3.647251279489676108e+02 9.137248860125929184e+00
3.756891323560143974e+02 9.091562615825299787e+00
3.433152231001951691e+02 9.046104802746173235e+00
3.393236530853714612e+02 9.000874278732442946e+00
3.730883389894042921e+02 8.955869907338779967e+00
3.965322284966134703e+02 8.911090557802085144e+00
3.537678695026412470e+02 8.866535105013074514e+00
3.799647436201073560e+02 8.822202429488008590e+00
4.397752783908618994e+02 8.778091417340569080e+00
4.019893222887880029e+02 8.734200960253867052e+00
4.037675712137083224e+02 8.690529955452598543e+00
3.951593483331113248e+02 8.647077305675335168e+00
3.395793644621008411e+02 8.603841919146958617e+00
3.198855853791600339e+02 8.560822709551223042e+00
3.963777357191044075e+02 8.518018596003466669e+00
3.824252008980263327e+02 8.475428503023449522e+00
3.561397315166955764e+02 8.433051360508331484e+00
3.270233093191964144e+02 8.390886103705788912e+00
3.545464461037327624e+02 8.348931673187259150e+00
3.719178719328650686e+02 8.307187014821323601e+00
3.876864929007263072e+02 8.265651079747216912e+00
3.724867959535211526e+02 8.224322824348480054e+00
3.673382191618210868e+02 8.183201210226737743e+00
3.633940003916247861e+02 8.142285204175603752e+00
3.808859670141433185e+02 8.101573778154726568e+00
4.133353867016827508e+02 8.061065909263952278e+00
3.937681858959420538e+02 8.020760579717633121e+00
3.875265266443169025e+02 7.980656776819045284e+00
3.442589456332410691e+02 7.940753492934949698e+00
3.428429746582563666e+02 7.901049725470274510e+00
3.455869730249786471e+02 7.861544476842922791e+00
3.772519556514926649e+02 7.822236754458708141e+00
3.662277317341704475e+02 7.783125570686414640e+00
3.832889868650843823e+02 7.744209942832982918e+00
3.532496597203206079e+02 7.705488893118817906e+00
3.773234691180094273e+02 7.666961448653223599e+00
3.623556084211153347e+02 7.628626641409957720e+00
3.543547434431593501e+02 7.590483508202908070e+00
3.261894449660290434e+02 7.552531090661893209e+00
4.094836079464088243e+02 7.514768435208583952e+00
3.519809683263421789e+02 7.477194593032541192e+00
3.236444989862483794e+02 7.439808620067378087e+00
3.737279634187842703e+02 7.402609576967041249e+00
3.752484117678693565e+02 7.365596529082205635e+00
3.379469346934559439e+02 7.328768546436794651e+00
3.190934779840472970e+02 7.292124703704610411e+00
3.147002062126560986e+02 7.255664080186087439e+00
3.306258098432927568e+02 7.219385759785157397e+00
3.478855099698729418e+02 7.183288830986231943e+00
3.630165950847705858e+02 7.147372386831301050e+00
3.512794897600363697e+02 7.111635524897144123e+00
3.957403360976784938e+02 7.076077347272658358e+00
4.257816460582010336e+02 7.040696960536295457e+00
4.406857476548829595e+02 7.005493475733613806e+00
3.757744903884174619e+02 6.970466008354946119e+00
3.762471638365722697e+02 6.935613678313170993e+00
3.676427744618439419e+02 6.900935609921605263e+00
4.106905139421508011e+02 6.866430931871997601e+00
4.109276134480403471e+02 6.832098777212637586e+00
3.053701455754244307e+02 6.797938283326574016e+00
3.540560737705268366e+02 6.763948591909940689e+00
3.742211292128098989e+02 6.730128848950390541e+00
3.944481341997134791e+02 6.696478204705638149e+00
4.213341048833717650e+02 6.662995813682109691e+00
4.090538838380916218e+02 6.629680834613699503e+00
3.645087064056651798e+02 6.596532430440630534e+00
3.894844184927140986e+02 6.563549768288427622e+00
3.678431267491203016e+02 6.530732019446985781e+00
3.392111799825063940e+02 6.498078359349750421e+00
2.993263560171031941e+02 6.465587967553001469e+00
3.189844226124607189e+02 6.433260027715236085e+00
3.253135231601757482e+02 6.401093727576659731e+00
3.476464301434102140e+02 6.369088258938776725e+00
3.335509218230340025e+02 6.337242817644082926e+00
3.837973167129795797e+02 6.305556603555862338e+00
3.854047988957060511e+02 6.274028820538083195e+00
3.804574629759140976e+02 6.242658676435392628e+00
3.970877946699207541e+02 6.211445383053215252e+00
3.531654400596661389e+02 6.180388156137949451e+00
3.368932845719473903e+02 6.149486215357259589e+00
3.385337914582529493e+02 6.118738784280473020e+00
3.613229803499676223e+02 6.088145090359070366e+00
3.339115033053623165e+02 6.057704364907275263e+00
3.188176158129014084e+02 6.027415843082739144e+00
3.346054553947452632e+02 5.997278763867325502e+00
3.370953079964430685e+02 5.967292370047989181e+00
3.267349820391881394e+02 5.937455908197748933e+00
3.317069708390494043e+02 5.907768628656760335e+00
3.621581097759488443e+02 5.878229785513476635e+00
4.091217957768072324e+02 5.848838636585909079e+00
3.958961073785051781e+02 5.819594443402979600e+00
3.470141397463208932e+02 5.790496471185965000e+00
3.947696939384438792e+02 5.761543988830035268e+00
3.459486840133247938e+02 5.732736268885885167e+00
3.506132396311372190e+02 5.704072587541455519e+00
3.787203556012657941e+02 5.675552224603748641e+00
3.353209057982398917e+02 5.647174463480729933e+00
3.126333718935252932e+02 5.618938591163326279e+00
3.225538029133334135e+02 5.590843898207509710e+00
3.238107098891840110e+02 5.562889678716472552e+00
3.138609759278504612e+02 5.535075230322890505e+00
2.912786152000732613e+02 5.507399854171276310e+00
3.142713905190174728e+02 5.479862854900419578e+00
3.316528336714671354e+02 5.452463540625917204e+00
3.323919330079103815e+02 5.425201222922787281e+00
3.058642258504911524e+02 5.398075216808173593e+00
3.257307122541694753e+02 5.371084840724132725e+00
3.462149889093365118e+02 5.344229416520511755e+00
3.404862349026125798e+02 5.317508269437909441e+00
3.186126677568923924e+02 5.290920728090720004e+00
3.002642478198582694e+02 5.264466124450266626e+00
3.102672475524079232e+02 5.238143793828014871e+00
3.366291138835600236e+02 5.211953074858874935e+00
3.124133689822330666e+02 5.185893309484580271e+00
2.844738375553781680e+02 5.159963842937157708e+00
2.968754918103002183e+02 5.134164023722472159e+00
3.309049704614379834e+02 5.108493203603860167e+00
3.126094236668877215e+02 5.082950737585840706e+00
3.236793929729891488e+02 5.057535983897911258e+00
3.260320524797643316e+02 5.032248303978422044e+00
2.856909236629172142e+02 5.007087062458530191e+00
3.036221710706380463e+02 4.982051627146237394e+00
3.340196367471882581e+02 4.957141369010506615e+00
3.107543764936927460e+02 4.932355662165454291e+00
3.247694246125807922e+02 4.907693883854626904e+00
3.544016067757110591e+02 4.883155414435353947e+00
3.336678170999367126e+02 4.858739637363177266e+00
3.345709437134293012e+02 4.834445939176361229e+00
3.226123285955922029e+02 4.810273709480479276e+00
3.449557388314285049e+02 4.786222340933076858e+00
3.173019832221915522e+02 4.762291229228411638e+00
3.197349622650248762e+02 4.738479773082269197e+00
3.432234953935864041e+02 4.714787374216857785e+00
3.752733230482668887e+02 4.691213437345773229e+00
3.222012054244607384e+02 4.667757370159044683e+00
3.331110530128121354e+02 4.644418583308249637e+00
3.194192858795564121e+02 4.621196490391707989e+00
2.966975782579797851e+02 4.598090507939749827e+00
3.098785837947102095e+02 4.575100055400050714e+00
3.784293672500384673e+02 4.552224555123050465e+00
3.359824701087518406e+02 4.529463432347434981e+00
3.085085301776124425e+02 4.506816115185698024e+00
3.134204820853705087e+02 4.484282034609769596e+00
3.415578763091216388e+02 4.461860624436720713e+00
3.202049551205680018e+02 4.439551321314537446e+00
3.176454953270726946e+02 4.417353564707965141e+00
3.079556782107601407e+02 4.395266796884425453e+00
3.115684986795610030e+02 4.373290462900003561e+00
3.101132446264105624e+02 4.351424010585503765e+00
2.990711552797923787e+02 4.329666890532576140e+00
2.983586870477839170e+02 4.308018556079913353e+00
2.903313508115748505e+02 4.286478463299514097e+00
3.071700592869819388e+02 4.265046070983016691e+00
3.186021007351134244e+02 4.243720840628101953e+00
2.985657425356371277e+02 4.222502236424961808e+00
2.975790571688963837e+02 4.201389725242837159e+00
2.902799195079520018e+02 4.180382776616623275e+00
2.979794395019878266e+02 4.159480862733540008e+00
3.360077253056653603e+02 4.138683458419872174e+00
3.435378632482016314e+02 4.117990041127773004e+00
3.206283641161396076e+02 4.097400090922134197e+00
3.004108368156097413e+02 4.076913090467523482e+00
2.855061470203507952e+02 4.056528525015186126e+00
3.186013223385947981e+02 4.036245882390110395e+00
3.111544793037830345e+02 4.016064652978159621e+00
3.160888659358363952e+02 3.995984329713268668e+00
3.035746638204393548e+02 3.976004408064702123e+00
2.938333397780008909e+02 3.956124386024378659e+00
3.039831889987323734e+02 3.936343764094256681e+00
3.015718919053499576e+02 3.916662045273785253e+00
3.066086344189566830e+02 3.897078735047416309e+00
3.077530267776208461e+02 3.877593341372179037e+00
3.053096855032663939e+02 3.858205374665318210e+00
3.113867371730064519e+02 3.838914347791991588e+00
3.149387708755624544e+02 3.819719776053031701e+00
3.077407362746657782e+02 3.800621177172766707e+00
3.015787901295841493e+02 3.781618071286902971e+00
2.967980165341235192e+02 3.762709980930468490e+00
3.218588370851466607e+02 3.743896431025816263e+00
2.988160477869998317e+02 3.725176948870687177e+00
3.021696393591133756e+02 3.706551064126333728e+00
3.061409816897938185e+02 3.688018308805701917e+00
3.074933626257066521e+02 3.669578217261673547e+00
2.923035220147019686e+02 3.651230326175365359e+00
2.867673969658476949e+02 3.632974174544488566e+00
2.981904950973989230e+02 3.614809303671766116e+00
3.018281975384495013e+02 3.596735257153407250e+00
2.972509932521898577e+02 3.578751580867640225e+00
2.883932807851091980e+02 3.560857822963301889e+00
2.989172189448336212e+02 3.543053533848485426e+00
2.912590329912370635e+02 3.525338266179243174e+00
2.994810291000371762e+02 3.507711574848346725e+00
2.846045071913166566e+02 3.490173016974104758e+00
2.746584584979092938e+02 3.472722151889234166e+00
2.874227556122772853e+02 3.455358541129788019e+00
3.129729890848186074e+02 3.438081748424139050e+00
3.156302892803728355e+02 3.420891339682018195e+00
3.266068936920925125e+02 3.403786882983608209e+00
2.952343756646220072e+02 3.386767948568690123e+00
2.974262336266647822e+02 3.369834108825846553e+00
2.913365765753728169e+02 3.352984938281717398e+00
2.962011143374654694e+02 3.336220013590308842e+00
3.013619486692820146e+02 3.319538913522357415e+00
3.016677257289042018e+02 3.302941218954745572e+00
2.768288539812913882e+02 3.286426512859971893e+00
2.969708696914153165e+02 3.269994380295671910e+00
2.916898009789773027e+02 3.253644408394193555e+00
3.063946206933771350e+02 3.237376186352222351e+00
2.979602329408767787e+02 3.221189305420461224e+00
2.962993648686554593e+02 3.205083358893358714e+00
2.923130330052602517e+02 3.189057942098891818e+00
3.001247888886308601e+02 3.173112652388397237e+00
2.984629552781803454e+02 3.157247089126455020e+00
2.950864140440922938e+02 3.141460853680822840e+00
3.106328923707595209e+02 3.125753549412418675e+00
3.116373283231586129e+02 3.110124781665356775e+00
2.943448643692466931e+02 3.094574157757029820e+00
2.936985270116164770e+02 3.079101286968244811e+00
2.898919360572419350e+02 3.063705780533403367e+00
2.924497934069617600e+02 3.048387251630736205e+00
2.975655706110878782e+02 3.033145315372582473e+00
2.981528886534662206e+02 3.017979588795719703e+00
2.858033998249774754e+02 3.002889690851741289e+00
2.850936682416227654e+02 2.987875242397482367e+00
2.845826724794994220e+02 2.972935866185494991e+00
2.942757164433406842e+02 2.958071186854567713e+00
2.975295648897162550e+02 2.943280830920294910e+00
2.943790919815563143e+02 2.928564426765693618e+00
2.868855389290361018e+02 2.913921604631865225e+00
2.994209810289520988e+02 2.899351996608706017e+00
3.027000524154748291e+02 2.884855236625662567e+00
2.919044212675395897e+02 2.870430960442534207e+00
2.878555931547458613e+02 2.856078805640321683e+00
3.084612089544284004e+02 2.841798411612120212e+00
2.990396902584886334e+02 2.827589419554059624e+00
3.073025506062130034e+02 2.813451472456289348e+00
2.909110314182183856e+02 2.799384215094007811e+00
3.079562874147474645e+02 2.785387294018537574e+00
2.796094997202654895e+02 2.771460357548444886e+00
3.034233444828121264e+02 2.757603055760702748e+00
3.034404741270133172e+02 2.743815040481899281e+00
3.164318342601901008e+02 2.730095965279489612e+00
3.075299486266920894e+02 2.716445485453092168e+00
3.078048405999002171e+02 2.702863258025826720e+00
3.194030212842376386e+02 2.689348941735697718e+00
3.108032061138615063e+02 2.675902197027019369e+00
2.968581632813350097e+02 2.662522686041884246e+00
2.827600416264884302e+02 2.649210072611674960e+00
2.900759290030061948e+02 2.635964022248616700e+00
2.957488750512944193e+02 2.622784202137373732e+00
3.044635215102139796e+02 2.609670281126686753e+00
3.009666616053960411e+02 2.596621929721053323e+00
2.907576906216932002e+02 2.583638820072447828e+00
3.088619360781484602e+02 2.570720625972085394e+00
2.891326336737252518e+02 2.557867022842224891e+00
2.809797376046595900e+02 2.545077687728013682e+00
2.998815449232404831e+02 2.532352299289373665e+00
2.920640891982272365e+02 2.519690537792926843e+00
2.860854710104496235e+02 2.507092085103962198e+00
2.769057417270104793e+02 2.494556624678442525e+00
2.966663603504655384e+02 2.482083841555050352e+00
2.912438002711090235e+02 2.469673422347275160e+00
2.904111372824311843e+02 2.457325055235538791e+00
2.981940046784128526e+02 2.445038429959361270e+00
2.918177419851310219e+02 2.432813237809564377e+00
2.871638626959892235e+02 2.420649171620516515e+00
2.900555146579874872e+02 2.408545925762413997e+00
2.796477701355642580e+02 2.396503196133601854e+00
2.949666470739268220e+02 2.384520680152933725e+00
2.803507349168522751e+02 2.372598076752169050e+00
3.188622457010856124e+02 2.360735086368408009e+00
3.004475800090482949e+02 2.348931410936565989e+00
2.795936872267732269e+02 2.337186753881883128e+00
2.749230041312068238e+02 2.325500820112473832e+00
2.882757801999593426e+02 2.313873316011911374e+00
2.884346527323643841e+02 2.302303949431852015e+00
2.802642545023568914e+02 2.290792429684692877e+00
2.754751897530690030e+02 2.279338467536269341e+00
2.761704330090252597e+02 2.267941775198587973e+00
2.741445704454298493e+02 2.256602066322594968e+00
2.802737464819748539e+02 2.245319055990981916e+00
2.759196006954276754e+02 2.234092460711027073e+00
2.771098685380674169e+02 2.222921998407471733e+00
2.986689488156852690e+02 2.211807388415434339e+00
2.941536667082714871e+02 2.200748351473357012e+00
2.965651544791739411e+02 2.189744609715990276e+00
2.748137328292787060e+02 2.178795886667410198e+00
2.849095105434703896e+02 2.167901907234073278e+00
2.783456854544286330e+02 2.157062397697902867e+00
2.838810707093307428e+02 2.146277085709413335e+00
3.069114608902728492e+02 2.135545700280866210e+00
2.866061101286380222e+02 2.124867971779461850e+00
2.775518486120956254e+02 2.114243631920564415e+00
2.959605173356155206e+02 2.103672413760961479e+00
2.920746021149874991e+02 2.093154051692156514e+00
2.913273369534938411e+02 2.082688281433695554e+00
2.899312587486820689e+02 2.072274840026527176e+00
2.712419230888070842e+02 2.061913465826394454e+00
2.735539874900854898e+02 2.051603898497262435e+00
2.799666586170693563e+02 2.041345879004776265e+00
2.721322603803433822e+02 2.031139149609752170e+00
2.782660981963796303e+02 2.020983453861703527e+00
3.034585367316341831e+02 2.010878536592394905e+00
2.756039049342705312e+02 2.000824143909432973e+00
2.787523539228013192e+02 1.990820023189885823e+00
2.804012321206814136e+02 1.980865923073936496e+00
2.710154543688324225e+02 1.970961593458566696e+00
2.786811552224676234e+02 1.961106785491273818e+00
2.820704220959716508e+02 1.951301251563817507e+00
2.973428822865189431e+02 1.941544745305998410e+00
2.893745854183683264e+02 1.931837021579468461e+00
2.793290236185657704e+02 1.922177836471571144e+00
2.715365741110973090e+02 1.912566947289213282e+00
2.772291991463986278e+02 1.903004112552767246e+00
2.823613576784629231e+02 1.893489091990003370e+00
2.806605874244546044e+02 1.884021646530053440e+00
2.842441272585205070e+02 1.874601538297403058e+00
2.864813532884843994e+02 1.865228530605915980e+00
2.880592409033609442e+02 1.855902387952886423e+00
2.774144264088335490e+02 1.846622876013122028e+00
2.807374696304452186e+02 1.837389761633056340e+00
2.948830367090605478e+02 1.828202812824891055e+00
2.980329727828111572e+02 1.819061798760766679e+00
2.853366919666278250e+02 1.809966489766962727e+00
2.827312324086356625e+02 1.800916657318127889e+00
2.804029135691337729e+02 1.791912074031537294e+00
2.750784949824524119e+02 1.782952513661379523e+00
2.801007779692310464e+02 1.774037751093072712e+00
2.755267341364595950e+02 1.765167562337607299e+00
2.823190388393915669e+02 1.756341724525919190e+00
2.699440959881455910e+02 1.747560015903289576e+00
2.707924311129382886e+02 1.738822215823773165e+00
2.772180250457707302e+02 1.730128104744654394e+00
2.840552360844617965e+02 1.721477464220931175e+00
2.800855230997518674e+02 1.712870076899826621e+00
2.782054069275230290e+02 1.704305726515327413e+00
2.809700755997334340e+02 1.695784197882750810e+00
2.750837313526104708e+02 1.687305276893336980e+00
2.808019552861557031e+02 1.678868750508870189e+00
2.844273701375063297e+02 1.670474406756325747e+00
2.837534346739743114e+02 1.662122034722544051e+00
2.749849605156537109e+02 1.653811424548931264e+00
2.781277633417003585e+02 1.645542367426186647e+00
2.785618881261186743e+02 1.637314655589055645e+00
2.756676093005066264e+02 1.629128082311110282e+00
2.758195947524365010e+02 1.620982441899554649e+00
2.794623283889694676e+02 1.612877529690056821e+00
2.836303082889219240e+02 1.604813142041606522e+00
2.735479455750983107e+02 1.596789076331398549e+00
2.818210095039668204e+02 1.588805130949741518e+00
2.806342339082930835e+02 1.580861105294992797e+00
2.840371183204904355e+02 1.572956799768517877e+00
2.822100461566361105e+02 1.565092015769675271e+00
2.795854374832787244e+02 1.557266555690826948e+00
2.692582755604833551e+02 1.549480222912372751e+00
2.726183040500263246e+02 1.541732821797810793e+00
2.725836470208787432e+02 1.534024157688821832e+00
2.856882661171035807e+02 1.526354036900377631e+00
2.824336735260854425e+02 1.518722266715875735e+00
2.764601546588882002e+02 1.511128655382296460e+00
2.685195536656522108e+02 1.503573012105384965e+00
2.746453292924822449e+02 1.496055147044857980e+00
2.828253663083558536e+02 1.488574871309633618e+00
2.837103150528638480e+02 1.481131996953085395e+00
2.776202893824856801e+02 1.473726336968320005e+00
2.772548402342695226e+02 1.466357705283478419e+00
2.707391924868098840e+02 1.459025916757060948e+00
2.708047129324982052e+02 1.451730787173275639e+00
2.747160525920665464e+02 1.444472133237409306e+00
2.801208395116383940e+02 1.437249772571222328e+00
2.849939981739568111e+02 1.430063523708366313e+00
2.797619830802684078e+02 1.422913206089824412e+00
2.735039358702416621e+02 1.415798640059375391e+00
2.743154983724780891e+02 1.408719646859078578e+00
2.775446751187689074e+02 1.401676048624783233e+00
2.751916254708155520e+02 1.394667668381659231e+00
2.688106263644741603e+02 1.387694330039750845e+00
2.776848476771712626e+02 1.380755858389552060e+00
2.755749634032073345e+02 1.373852079097604317e+00
2.735438983634559804e+02 1.366982818702116242e+00
2.718843741752215806e+02 1.360147904608605574e+00
2.729713854408536804e+02 1.353347165085562631e+00
2.976152158839825006e+02 1.346580429260134881e+00
2.864732460957534954e+02 1.339847527113834147e+00
2.690878315542491350e+02 1.333148289478264914e+00
2.739446616341666640e+02 1.326482548030873510e+00
2.839983464075402253e+02 1.319850135290719040e+00
2.798011833402964044e+02 1.313250884614265424e+00
2.702153862413175034e+02 1.306684630191194074e+00
2.721674710334324914e+02 1.300151207040238122e+00
2.678665533643359140e+02 1.293650451005036839e+00
2.787806158812740591e+02 1.287182198750011608e+00
2.663119947975037576e+02 1.280746287756261648e+00
2.691467526031071316e+02 1.274342556317480391e+00
2.725440654255172035e+02 1.267970843535892955e+00
2.794780539647241540e+02 1.261630989318213381e+00
2.761320754241983764e+02 1.255322834371622287e+00
2.713230427443097028e+02 1.249046220199764079e+00
2.648813804758518700e+02 1.242800989098765241e+00
2.685588415363108084e+02 1.236586984153271507e+00
2.679842982770733784e+02 1.230404049232505237e+00
2.771906599046307065e+02 1.224252028986342777e+00
2.813813428759590352e+02 1.218130768841411138e+00
2.728958973202179550e+02 1.212040114997203988e+00
2.701219637455415068e+02 1.205979914422217858e+00
2.773161982990021102e+02 1.199950014850106772e+00
2.677419006651944642e+02 1.193950264775856196e+00
2.722997323264244187e+02 1.187980513451976972e+00
2.715173508643455875e+02 1.182040610884717013e+00
2.745293847184084939e+02 1.176130407830293434e+00
2.793864455038552137e+02 1.170249755791141988e+00
2.644726370021803064e+02 1.164398507012186279e+00
2.670448098842330751e+02 1.158576514477125396e+00
2.721947600746597118e+02 1.152783631904739758e+00
2.723822686690385240e+02 1.147019713745216052e+00
2.769438910631388922e+02 1.141284615176489936e+00
2.726488290688902794e+02 1.135578192100607398e+00
2.699215756437602067e+02 1.129900301140104313e+00
2.717379063573699796e+02 1.124250799634403775e+00
2.693541424011625054e+02 1.118629545636231848e+00
2.695113453495321210e+02 1.113036397908050645e+00
2.706319424708710244e+02 1.107471215918510277e+00
2.636768713527039267e+02 1.101933859838917673e+00
2.661480395086799717e+02 1.096424190539723176e+00
2.663767355227722646e+02 1.090942069587024665e+00
2.745616116225774590e+02 1.085487359239089455e+00
2.735613175833304922e+02 1.080059922442893949e+00
2.686862017386249022e+02 1.074659622830679506e+00
2.645228191066894396e+02 1.069286324716526071e+00
2.664665544295543782e+02 1.063939893092943345e+00
2.678674734942476903e+02 1.058620193627478612e+00
2.638641344206031363e+02 1.053327092659341213e+00
2.655879482816968675e+02 1.048060457196044570e+00
2.684652380264237763e+02 1.042820154910064412e+00
2.711240518804964381e+02 1.037606054135514100e+00
2.658521037865323251e+02 1.032418023864836609e+00
2.734646057471613858e+02 1.027255933745512495e+00
2.685521119293948686e+02 1.022119654076784956e+00
2.716423533977715579e+02 1.017009055806401108e+00
2.721026627103954070e+02 1.011924010527369022e+00
2.713883499028065103e+02 1.006864390474732085e+00
2.621861584756267689e+02 1.001830068522358452e+00
2.653025612714272938e+02 9.968209181797466067e-01
2.655214033470066397e+02 9.918368135888478987e-01
2.694433883596094006e+02 9.868776295209036320e-01
2.701103797660732084e+02 9.819432413732991360e-01
2.726452258929586492e+02 9.770335251664326037e-01
2.701870667741692955e+02 9.721483575406004718e-01
2.689929870268237551e+02 9.672876157528974561e-01
2.633492414822006253e+02 9.624511776741330182e-01
2.695760105261384751e+02 9.576389217857623759e-01
2.640721302435845814e+02 9.528507271768336118e-01
2.644623316653711527e+02 9.480864735409494370e-01
2.758274073538653965e+02 9.433460411732447204e-01
2.714513000182685118e+02 9.386293109673784496e-01
2.748814995763705156e+02 9.339361644125415696e-01
2.748686323833101710e+02 9.292664835904788090e-01
2.664391455885694882e+02 9.246201511725263833e-01
2.683797025588520455e+02 9.199970504166637975e-01
2.796123214566424053e+02 9.153970651645805257e-01
2.633175754461777274e+02 9.108200798387575681e-01
2.701166584616174760e+02 9.062659794395637736e-01
2.681973515366328229e+02 9.017346495423659292e-01
2.718592624011041039e+02 8.972259762946540596e-01
2.675712442487132989e+02 8.927398464131808264e-01
2.719329749294689123e+02 8.882761471811149168e-01
2.801120661260443967e+02 8.838347664452093078e-01
2.711595606670232428e+02 8.794155926129832990e-01
2.694209197577366695e+02 8.750185146499184219e-01
2.686375332322743361e+02 8.706434220766687826e-01
2.689969785835094171e+02 8.662902049662853932e-01
2.736223601969887795e+02 8.619587539414539368e-01
2.694111872452459124e+02 8.576489601717466327e-01
2.638407925520128288e+02 8.533607153708878679e-01
2.695167977569930713e+02 8.490939117940333736e-01
2.668803649438463026e+02 8.448484422350631684e-01
2.673617060336260920e+02 8.406242000238878243e-01
2.688927852241251912e+02 8.364210790237683879e-01
2.663371726237891721e+02 8.322389736286495143e-01
2.679748512515599828e+02 8.280777787605062557e-01
2.655543720246942030e+02 8.239373898667037288e-01
2.666988874008739572e+02 8.198177029173702168e-01
2.656231931168597384e+02 8.157186144027833707e-01
2.669332684914215861e+02 8.116400213307694012e-01
2.652652268307277268e+02 8.075818212241155925e-01
2.692246381436336264e+02 8.035439121179950295e-01
2.654464139678759125e+02 7.995261925574050910e-01
2.706172526469475770e+02 7.955285615946180444e-01
2.665263825183696440e+02 7.915509187866449636e-01
2.663677929571270511e+02 7.875931641927117477e-01
2.692862967770109890e+02 7.836551983717482406e-01
2.654466847484295045e+02 7.797369223798894522e-01
2.663601640257157328e+02 7.758382377679899911e-01
2.643331442756692695e+02 7.719590465791500433e-01
2.658064877385290856e+02 7.680992513462543414e-01
2.696316116318197373e+02 7.642587550895230120e-01
2.630124410405524600e+02 7.604374613140754136e-01
2.647650477659635726e+02 7.566352740075050765e-01
2.669595457325086727e+02 7.528520976374675211e-01
2.669815083437975431e+02 7.490878371492801779e-01
2.700141803470409059e+02 7.453423979635337426e-01
2.646457994489349517e+02 7.416156859737160767e-01
2.658106177166279167e+02 7.379076075438475435e-01
2.658360478927121449e+02 7.342180695061283346e-01
2.637953646637518546e+02 7.305469791585976758e-01
2.659567333161452325e+02 7.268942442628046896e-01
2.622998440820905444e+02 7.232597730414906945e-01
2.670424076230918899e+02 7.196434741762832710e-01
2.646640019788868017e+02 7.160452568054018752e-01
2.638644442201076572e+02 7.124650305213748869e-01
2.637765298107137255e+02 7.089027053687679825e-01
2.648649736228477991e+02 7.053581918419241648e-01
2.655999917014484595e+02 7.018314008827145623e-01
2.651678977025017048e+02 6.983222438783009967e-01
2.677720300586302642e+02 6.948306326589095416e-01
2.677466542840618331e+02 6.913564794956149617e-01
2.624695172748322420e+02 6.878996970981369197e-01
2.623297674978366558e+02 6.844601986126462867e-01
2.627475233613482715e+02 6.810378976195829992e-01
2.628064868590762444e+02 6.776327081314851286e-01
2.686898923145393496e+02 6.742445445908277213e-01
2.666393713922783490e+02 6.708733218678736288e-01
2.619569943307105859e+02 6.675189552585342190e-01
2.638963124981736428e+02 6.641813604822415229e-01
2.639503327515013780e+02 6.608604536798302620e-01
2.674689418813966313e+02 6.575561514114310890e-01
2.643615188048060531e+02 6.542683706543739319e-01
2.618564918670975317e+02 6.509970288011021067e-01
2.651301800927602699e+02 6.477420436570966444e-01
2.707479017839477820e+02 6.445033334388111657e-01
2.716666804159443700e+02 6.412808167716170793e-01
2.642187530350323073e+02 6.380744126877589961e-01
2.639753177893629754e+02 6.348840406243202450e-01
2.641349632953487117e+02 6.317096204211986032e-01
2.655236913539272336e+02 6.285510723190925741e-01
2.619167209888398702e+02 6.254083169574971013e-01
2.645269302637430542e+02 6.222812753727096080e-01
2.620630226652360193e+02 6.191698689958460289e-01
2.679440182352314537e+02 6.160740196508668332e-01
2.645706941346032295e+02 6.129936495526124851e-01
2.618524767260083195e+02 6.099286813048494515e-01
2.648583204307593633e+02 6.068790378983252021e-01
2.612119060541989484e+02 6.038446427088335344e-01
2.623319424451771624e+02 6.008254194952893368e-01
2.651603265293506979e+02 5.978212923978128979e-01
2.632114359297694364e+02 5.948321859358238761e-01
2.678452803313734307e+02 5.918580250061447057e-01
2.664907312959377350e+02 5.888987348811139944e-01
2.645495137364486027e+02 5.859542412067084705e-01
2.634331039565923902e+02 5.830244700006749214e-01
2.635040075895670384e+02 5.801093476506715696e-01
2.644764824463885020e+02 5.772088009124182184e-01
2.634868610378675271e+02 5.743227569078561690e-01
2.684377530423093390e+02 5.714511431233169070e-01
2.628861681441091491e+02 5.685938874077003380e-01
2.634352931837712504e+02 5.657509179706617930e-01
2.636968876263721882e+02 5.629221633808084713e-01
2.613532161699798166e+02 5.601075525639044317e-01
2.602126545558380144e+02 5.573070148010849101e-01
2.609343957042519264e+02 5.545204797270795183e-01
2.612674043464407987e+02 5.517478773284441029e-01
2.611873008904763651e+02 5.489891379418019302e-01
2.634744138145574084e+02 5.462441922520928639e-01
2.590431300879324112e+02 5.435129712908324251e-01
2.641044626992297140e+02 5.407954064343782896e-01
2.632297869790633058e+02 5.380914294022064448e-01
2.635842255072582248e+02 5.354009722551954509e-01
2.632297090769542933e+02 5.327239673939194731e-01
2.661645693031585438e+02 5.300603475569498624e-01
2.628410717727103361e+02 5.274100458191650631e-01
2.618971726142387411e+02 5.247729955900691801e-01
2.685761554276736547e+02 5.221491306121188725e-01
2.615506602275916066e+02 5.195383849590582415e-01
2.609541811759374923e+02 5.169406930342629325e-01
2.616997004090958967e+02 5.143559895690915651e-01
2.624169263894744404e+02 5.117842096212461556e-01
2.600644019625481178e+02 5.092252885731398671e-01
2.638025142664492364e+02 5.066791621302741966e-01
2.599987137930997960e+02 5.041457663196228234e-01
2.623263618385619225e+02 5.016250374880246721e-01
2.609324551243642532e+02 4.991169123005845254e-01
2.651353992626278568e+02 4.966213277390815750e-01
2.598753617209854383e+02 4.941382211003861880e-01
2.643505798217155416e+02 4.916675299948842781e-01
2.603868064922041867e+02 4.892091923449098378e-01
2.624772430694848140e+02 4.867631463831852967e-01
2.616448206638843885e+02 4.843293306512693741e-01
2.634911206972083733e+02 4.819076839980130367e-01
2.614239384435689431e+02 4.794981455780229496e-01
2.664297038149782111e+02 4.771006548501328104e-01
2.613501441130129024e+02 4.747151515758821216e-01
2.655219513140957019e+02 4.723415758180027346e-01
2.592748228361290899e+02 4.699798679389127209e-01
2.626136080568184639e+02 4.676299685992181820e-01
2.604112934323829336e+02 4.652918187562221086e-01
2.601185420523991638e+02 4.629653596624410117e-01
2.645804027476036708e+02 4.606505328641288255e-01
2.652170332389541727e+02 4.583472801998081936e-01
2.632460893646866111e+02 4.560555437988091376e-01
2.627902547845838512e+02 4.537752660798151094e-01
2.674020181225087640e+02 4.515063897494160372e-01
2.645443098024402389e+02 4.492488578006689770e-01
2.595008619212665053e+02 4.470026135116656474e-01
2.627645532022945645e+02 4.447676004441072917e-01
2.616402327052103374e+02 4.425437624418867566e-01
2.635686134359090715e+02 4.403310436296773434e-01
2.661662214083236222e+02 4.381293884115289305e-01
2.604200194679901301e+02 4.359387414694712581e-01
2.606713122824806419e+02 4.337590477621238727e-01
2.621276348196686286e+02 4.315902525233132336e-01
2.665645060965611606e+02 4.294323012606966472e-01
2.666308692175604165e+02 4.272851397543931395e-01
2.599951472738318330e+02 4.251487140556211575e-01
2.625144533256844284e+02 4.230229704853430417e-01
2.629326701288188133e+02 4.209078556329163279e-01
2.632551830515814117e+02 4.188033163547517645e-01
2.634304654828805496e+02 4.167092997729779924e-01
2.627940564665261718e+02 4.146257532741131069e-01
2.599749692157353707e+02 4.125526245077425491e-01
2.627476239969790299e+02 4.104898613852038247e-01
2.604098027608108055e+02 4.084374120782778284e-01
2.615976064475050862e+02 4.063952250178864412e-01
2.632110114773898886e+02 4.043632488927970114e-01
2.593662086670064468e+02 4.023414326483329972e-01
2.613156172376947666e+02 4.003297254850913256e-01
2.592242576770024698e+02 3.983280768576658581e-01
2.626614613159748615e+02 3.963364364733775180e-01
2.598242924205719646e+02 3.943547542910106340e-01
2.610094139064600540e+02 3.923829805195555576e-01
2.611071910397809006e+02 3.904210656169577742e-01
2.578483098991585507e+02 3.884689602888730109e-01
2.618283395190584883e+02 3.865266154874286708e-01
2.612227640867376408e+02 3.845939824099915416e-01
2.654117610050139433e+02 3.826710124979416094e-01
2.630173838381836617e+02 3.807576574354519239e-01
2.610624482364721644e+02 3.788538691482746801e-01
2.618526235728680831e+02 3.769595998025332961e-01
2.626091667661066822e+02 3.750748018035206521e-01
2.605550510152849597e+02 3.731994277945030469e-01
2.631857998795838967e+02 3.713334306555305386e-01
2.589376480865072949e+02 3.694767635022528918e-01
2.601141770298286247e+02 3.676293796847416306e-01
2.611246697593390991e+02 3.657912327863179214e-01
2.602972049472862182e+02 3.639622766223863382e-01
2.593477655253147418e+02 3.621424652392744026e-01
2.606994133664659330e+02 3.603317529130780072e-01
2.589796389753448693e+02 3.585300941485126125e-01
2.614315692836686367e+02 3.567374436777700497e-01
2.610772895453299043e+02 3.549537564593812089e-01
2.619647155035363539e+02 3.531789876770842773e-01
2.616891205461836876e+02 3.514130927386988623e-01
2.619158561476043019e+02 3.496560272750053877e-01
2.611528532662548514e+02 3.479077471386303744e-01
2.616405510564421775e+02 3.461682084029372164e-01
2.600858681396373981e+02 3.444373673609225084e-01
2.607201846809327321e+02 3.427151805241178684e-01
2.596216974950029339e+02 3.410016046214972563e-01
2.595606000748520614e+02 3.392965965983897880e-01
2.594286432147478649e+02 3.376001136153978233e-01
2.582739615681382475e+02 3.359121130473208261e-01
2.620889621476976004e+02 3.342325524820842220e-01
2.624369235635849122e+02 3.325613897196738056e-01
2.607986393875557383e+02 3.308985827710754224e-01
2.610526273917144522e+02 3.292440898572200347e-01
2.614917482126589903e+02 3.275978694079339504e-01
2.591366384340204263e+02 3.259598800608942692e-01
2.590318062460941633e+02 3.243300806605897701e-01
2.576579939873411149e+02 3.227084302572867935e-01
2.590111111949119618e+02 3.210948881060003424e-01
2.591170279201157882e+02 3.194894136654703454e-01
2.587943362771198963e+02 3.178919665971429720e-01
2.607712032218418585e+02 3.163025067641572763e-01
2.602039604207856769e+02 3.147209942303365038e-01
2.599766745920517224e+02 3.131473892591848385e-01
2.632696170644459244e+02 3.115816523128889237e-01
2.603135613317023171e+02 3.100237440513244902e-01
2.581096789801376303e+02 3.084736253310678689e-01
2.596886958242628793e+02 3.069312572044125553e-01
2.597081504038417847e+02 3.053966009183904928e-01
2.585336214364939451e+02 3.038696179137985176e-01
2.597521126030139840e+02 3.023502698242295228e-01
2.588012705574090546e+02 3.008385184751083963e-01
2.577527845075219943e+02 2.993343258827328435e-01
2.611061253335222432e+02 2.978376542533191507e-01
2.595035456660590398e+02 2.963484659820525557e-01
2.623083648850701479e+02 2.948667236521422819e-01
2.595567118760426411e+02 2.933923900338815671e-01
2.608814939031439621e+02 2.919254280837121351e-01
2.590834092529905206e+02 2.904658009432935506e-01
2.586894245775708328e+02 2.890134719385770712e-01
2.581544959384841036e+02 2.875684045788841625e-01
2.576472249831873569e+02 2.861305625559897314e-01
2.586449638413058096e+02 2.846999097432098003e-01
2.614392316007811132e+02 2.832764101944937329e-01
2.594325957101269182e+02 2.818600281435212906e-01
2.611045893534880520e+02 2.804507280028036842e-01
2.604688135741274664e+02 2.790484743627896780e-01
2.587404411365854457e+02 2.776532319909757462e-01
2.602700173970097808e+02 2.762649658310208922e-01
2.599318894898600547e+02 2.748836410018657972e-01
2.599049865441445490e+02 2.735092227968564660e-01
2.591756565359708588e+02 2.721416766828722023e-01
2.610774460541945245e+02 2.707809682994578582e-01
2.603757721640914156e+02 2.694270634579605805e-01
2.583278055196490186e+02 2.680799281406707757e-01
2.597465048619892514e+02 2.667395284999674043e-01
2.595627988778352915e+02 2.654058308574675507e-01
2.572487006471656059e+02 2.640788017031802104e-01
2.581113581014336091e+02 2.627584076946642977e-01
2.579198743758075807e+02 2.614446156561909818e-01
2.599735643214044671e+02 2.601373925779100205e-01
2.581231659100795923e+02 2.588367056150204792e-01
2.586395720020007047e+02 2.575425220869453913e-01
2.585188300932337029e+02 2.562548094765106366e-01
2.578904838841604601e+02 2.549735354291280953e-01
2.589496302133301810e+02 2.536986677519824651e-01
2.588561907420171906e+02 2.524301744132225744e-01
2.594413972504570438e+02 2.511680235411564710e-01
2.587054672180595389e+02 2.499121834234507011e-01
2.593552040305063997e+02 2.486626225063334472e-01
2.589484265886256935e+02 2.474193093938017729e-01
2.587744319651338856e+02 2.461822128468327542e-01
2.588060542862832563e+02 2.449513017825985794e-01
2.603568740969892019e+02 2.437265452736855909e-01
2.590220795530067335e+02 2.425079125473171560e-01
2.594555991749788859e+02 2.412953729845805639e-01
2.590931470767951623e+02 2.400888961196576687e-01
2.581643162877512054e+02 2.388884516390593904e-01
2.597758912578586319e+02 2.376940093808641019e-01
2.585481388909026350e+02 2.365055393339597911e-01
2.577150565663627049e+02 2.353230116372899972e-01
2.570127985161701076e+02 2.341463965791035495e-01
2.593205619290881714e+02 2.329756645962080264e-01
2.572985542791738567e+02 2.318107862732269875e-01
2.584384811683425482e+02 2.306517323418608434e-01
2.596193323518969578e+02 2.294984736801515268e-01
2.582119406952562031e+02 2.283509813117507725e-01
2.576527846020325683e+02 2.272092264051920052e-01
2.609376597522961561e+02 2.260731802731660578e-01
2.588195318284371638e+02 2.249428143718002204e-01
2.576757817750324762e+02 2.238181002999412306e-01
2.580594436802388714e+02 2.226990097984415107e-01
2.583582265476731550e+02 2.215855147494492916e-01
2.584035505497115537e+02 2.204775871757020389e-01
2.584740818868625070e+02 2.193751992398235151e-01
2.586405372991852687e+02 2.182783232436243948e-01
2.593957817611193946e+02 2.171869316274062656e-01
2.588310678301872940e+02 2.161009969692692378e-01
2.583055343380157751e+02 2.150204919844228846e-01
2.598316388783226216e+02 2.139453895245007620e-01
2.581433907577774676e+02 2.128756625768782607e-01
2.591045940848838427e+02 2.118112842639938709e-01
2.591209546368646102e+02 2.107522278426738893e-01
2.589791914435970739e+02 2.096984667034605121e-01
2.590929784609954822e+02 2.086499743699432030e-01
2.584832258685079296e+02 2.076067244980934756e-01
2.584934805407159502e+02 2.065686908756030060e-01
2.576016356575344730e+02 2.055358474212249931e-01
2.588004303292493660e+02 2.045081681841188770e-01
2.582398982931801470e+02 2.034856273431982776e-01
2.597927824268742256e+02 2.024681992064822911e-01
2.574213063682078086e+02 2.014558582104498674e-01
2.583214794045562712e+02 2.004485789193976297e-01
2.576770919880611359e+02 1.994463360248006356e-01
2.571160648418090204e+02 1.984491043446766356e-01
2.585077362794595501e+02 1.974568588229532462e-01
2.576148279766552491e+02 1.964695745288384809e-01
2.582929929354520482e+02 1.954872266561942795e-01
2.576440999715852627e+02 1.945097905229133117e-01
2.569062645171779877e+02 1.935372415702987514e-01
2.571170822244427541e+02 1.925695553624472700e-01
2.581312110197726497e+02 1.916067075856350277e-01
2.588357833219754411e+02 1.906486740477068564e-01
2.568809393136328936e+02 1.896954306774683296e-01
2.595829950204005172e+02 1.887469535240809959e-01
2.574155556898316490e+02 1.878032187564605826e-01
2.578585311209180873e+02 1.868642026626782804e-01
2.577772752976741799e+02 1.859298816493648865e-01
2.576454244763518773e+02 1.850002322411180566e-01
2.571577268583909586e+02 1.840752310799124714e-01
2.574342130810036906e+02 1.831548549245129165e-01
2.585716309134824655e+02 1.822390806498903615e-01
2.580345634177527927e+02 1.813278852466408964e-01
2.583934202963374105e+02 1.804212458204076941e-01
2.571568951808744714e+02 1.795191395913056653e-01
2.575061126640147222e+02 1.786215438933491384e-01
2.574363152240061368e+02 1.777284361738823981e-01
2.563997098251938951e+02 1.768397939930129725e-01
2.582371710130923930e+02 1.759555950230479171e-01
2.584941755947827460e+02 1.750758170479326803e-01
2.571125174021386783e+02 1.742004379626930222e-01
2.580976635239258599e+02 1.733294357728795698e-01
2.577136857524669153e+02 1.724627885940151761e-01
2.571713107616422462e+02 1.716004746510451096e-01
2.576028838862675343e+02 1.707424722777898807e-01
2.572138238181432826e+02 1.698887599164009277e-01
2.573212688833452262e+02 1.690393161168189107e-01
2.565292844850034726e+02 1.681941195362348096e-01
2.576172076688923767e+02 1.673531489385536308e-01
2.575561962770627815e+02 1.665163831938608618e-01
2.577404477733007298e+02 1.656838012778915625e-01
2.580408248760904826e+02 1.648553822715020933e-01
2.573573869823175642e+02 1.640311053601445912e-01
2.572273880144768441e+02 1.632109498333438602e-01
2.566241680523553441e+02 1.623948950841771488e-01
2.581331029401144974e+02 1.615829206087562586e-01
2.573050249110900154e+02 1.607750060057124841e-01
2.578768162358941822e+02 1.599711309756839117e-01
2.584973527608549375e+02 1.591712753208054942e-01
2.568866233356163775e+02 1.583754189442014570e-01
2.577517487565978627e+02 1.575835418494804518e-01
2.570118817235877486e+02 1.567956241402330420e-01
2.577705719856973019e+02 1.560116460195318799e-01
2.571933999360166467e+02 1.552315877894342167e-01
2.568998397820533341e+02 1.544554298504870471e-01
2.572352782017881054e+02 1.536831527012346155e-01
2.568779880921218250e+02 1.529147369377284460e-01
2.582365893839290720e+02 1.521501632530398163e-01
2.582166767441644311e+02 1.513894124367746175e-01
2.579093380324039799e+02 1.506324653745907405e-01
2.565462072485489671e+02 1.498793030477177934e-01
2.575141054990561997e+02 1.491299065324792061e-01
2.567828383073417058e+02 1.483842569998168048e-01
2.563529473592242880e+02 1.476423357148177185e-01
2.568327114600403434e+02 1.469041240362436163e-01
2.573973877389710196e+02 1.461696034160623880e-01
2.578010783146700078e+02 1.454387553989820725e-01
2.563837827776771974e+02 1.447115616219871725e-01
2.564376077656772281e+02 1.439880038138772467e-01
2.564794476512209940e+02 1.432680637948078595e-01
2.568985323547285020e+02 1.425517234758338081e-01
2.568315613601351401e+02 1.418389648584546248e-01
2.564998272056084261e+02 1.411297700341623551e-01
2.576916043508259122e+02 1.404241211839915293e-01
2.569929612105490264e+02 1.397220005780715757e-01
2.570420283280681133e+02 1.390233905751812049e-01
2.569456875776602374e+02 1.383282736223052922e-01
2.569837157439819748e+02 1.376366322541937581e-01
2.561975976934962773e+02 1.369484490929227805e-01
2.565843113773395885e+02 1.362637068474581714e-01
2.558500246639918885e+02 1.355823883132208918e-01
2.580869546731090622e+02 1.349044763716547857e-01
2.565681734164054433e+02 1.342299539897965077e-01
2.570027582814173002e+02 1.335588042198475323e-01
2.577090112429681312e+02 1.328910101987482995e-01
2.571199399993269026e+02 1.322265551477545542e-01
2.566177364468388191e+02 1.315654223720157945e-01
2.557688976541871853e+02 1.309075952601557180e-01
2.570689548609333883e+02 1.302530572838549450e-01
2.560296200685164081e+02 1.296017919974356558e-01
2.569362839263821456e+02 1.289537830374484773e-01
2.568296422891718294e+02 1.283090141222612279e-01
2.569472797163401196e+02 1.276674690516499122e-01
2.567478961043763093e+02 1.270291317063916570e-01
2.561810592015106636e+02 1.263939860478597021e-01
2.564908098499213338e+02 1.257620161176203899e-01
2.568501488255789127e+02 1.251332060370322907e-01
2.562015301971582062e+02 1.245075400068471339e-01
2.570539663278336775e+02 1.238850023068129025e-01
2.564219916904888805e+02 1.232655772952788442e-01
2.569476980636892449e+02 1.226492494088024521e-01
2.568544071440785501e+02 1.220360031617584440e-01
2.557288597428445485e+02 1.214258231459496573e-01
2.569147020880087666e+02 1.208186940302199142e-01
2.566748114480351433e+02 1.202146005600688156e-01
2.562291747511999347e+02 1.196135275572684648e-01
2.575067310656258428e+02 1.190154599194821194e-01
2.568927624493636586e+02 1.184203826198847037e-01
2.565206765556125674e+02 1.178282807067852767e-01
2.563155328422658386e+02 1.172391393032513468e-01
2.562679400619426247e+02 1.166529436067350878e-01
2.563721793150789949e+02 1.160696788887014136e-01
2.575676933447253987e+02 1.154893304942578997e-01
2.561493834204246127e+02 1.149118838417866051e-01
2.561673962003397946e+02 1.143373244225776714e-01
2.569437657752523592e+02 1.137656378004647806e-01
2.560097982304093875e+02 1.131968096114624595e-01
2.560584237225708648e+02 1.126308255634051458e-01
2.565578156621739367e+02 1.120676714355881148e-01
2.560546963412475634e+02 1.115073330784101674e-01
2.558797607058675396e+02 1.109497964130181091e-01
2.566156840531346006e+02 1.103950474309530194e-01
2.564201473550184573e+02 1.098430721937982552e-01
2.563572152061587417e+02 1.092938568328292587e-01
2.561788355564320909e+02 1.087473875486651143e-01
2.570239875870720425e+02 1.082036506109217838e-01
2.555819326779343896e+02 1.076626323578671746e-01
2.555344401499097273e+02 1.071243191960778440e-01
2.565708323909827300e+02 1.065886976000974540e-01
2.564743904127505516e+02 1.060557541120969727e-01
2.570709593501481436e+02 1.055254753415364871e-01
2.565081971109290180e+02 1.049978479648288054e-01
2.562639018516416627e+02 1.044728587250046553e-01
2.567078596503448011e+02 1.039504944313796309e-01
2.569100519881902187e+02 1.034307419592227356e-01
2.560861326945137648e+02 1.029135882494266185e-01
2.570582140965554458e+02 1.023990203081794892e-01
2.561572696920075032e+02 1.018870252066385873e-01
2.557347836119506894e+02 1.013775900806053870e-01
2.570754158009218031e+02 1.008707021302023554e-01
2.558720318697566256e+02 1.003663486195513488e-01
2.570802593277474557e+02 9.986451687645359065e-02
2.560690034991844186e+02 9.936519429207131548e-02
2.568664168892577209e+02 9.886836832061095259e-02
2.564463577015800411e+02 9.837402647900789221e-02
2.563273048691999634e+02 9.788215634661284748e-02
2.563230825385987259e+02 9.739274556487978463e-02
2.555620129838622177e+02 9.690578183705537973e-02
2.553688990058802517e+02 9.642125292787009916e-02
2.564693710994762341e+02 9.593914666323075102e-02
2.564564879315923349e+02 9.545945092991459102e-02
2.561348263740328548e+02 9.498215367526502417e-02
2.559697578737572314e+02 9.450724290688869433e-02
2.564809438931058594e+02 9.403470669235425294e-02
2.567054208028789049e+02 9.356453315889248779e-02
2.561669318179415313e+02 9.309671049309801993e-02
2.558943254733167691e+02 9.263122694063252727e-02
2.563585392609342648e+02 9.216807080592936963e-02
2.561342126393120111e+02 9.170723045189972666e-02
2.562319323232664487e+02 9.124869429964023448e-02
2.567518892791152325e+02 9.079245082814203782e-02
2.555560081620857886e+02 9.033848857400132715e-02
2.567447227227748954e+02 8.988679613113131905e-02
2.567619278969592074e+02 8.943736215047566607e-02
2.558157010404418656e+02 8.899017533972328198e-02
2.557495545279777787e+02 8.854522446302466598e-02
2.560307966193033167e+02 8.810249834070954522e-02
2.560392995856374228e+02 8.766198584900600221e-02
2.556712097804661994e+02 8.722367591976097623e-02
2.560023998001904033e+02 8.678755754016216628e-02
2.561925543933027143e+02 8.635361975246134969e-02
2.571456545641904086e+02 8.592185165369904676e-02
2.555009502592245951e+02 8.549224239543054549e-02
2.558474241124299340e+02 8.506478118345339734e-02
2.559046811037457019e+02 8.463945727753613424e-02
2.560968873816057680e+02 8.421625999114845662e-02
2.562999516843185006e+02 8.379517869119271212e-02
2.555645083868776624e+02 8.337620279773674814e-02
2.559420102350691195e+02 8.295932178374806898e-02
2.550508516736197180e+02 8.254452517482932516e-02
2.561222565579116690e+02 8.213180254895517673e-02
2.560308160012068583e+02 8.172114353621040550e-02
2.562386791558362233e+02 8.131253781852935958e-02
2.560289584922464314e+02 8.090597512943671632e-02
2.558568005418432278e+02 8.050144525378953586e-02
2.566257171221117801e+02 8.009893802752059144e-02
2.557666987493673503e+02 7.969844333738299036e-02
2.555582849081391430e+02 7.929995112069607166e-02
2.557481494099436645e+02 7.890345136509259449e-02
2.554425990761392313e+02 7.850893410826713381e-02
2.556041793386586392e+02 7.811638943772579446e-02
2.562764397483969674e+02 7.772580749053716043e-02
2.554400050400751923e+02 7.733717845308447913e-02
2.558224252668803160e+02 7.695049256081905320e-02
2.556958590965175802e+02 7.656574009801496439e-02
2.554301218427312676e+02 7.618291139752489394e-02
2.558563747026520332e+02 7.580199684053727516e-02
2.554767454018767410e+02 7.542298685633458399e-02
2.558469615730453768e+02 7.504587192205290636e-02
2.552402889067655281e+02 7.467064256244264342e-02
2.561679024978663506e+02 7.429728934963042430e-02
2.556362204286582198e+02 7.392580290288226774e-02
2.560780861810246165e+02 7.355617388836785397e-02
2.565059603683304772e+02 7.318839301892601790e-02
2.557323702799907608e+02 7.282245105383139405e-02
2.559403456616352344e+02 7.245833879856224125e-02
2.555195958368316553e+02 7.209604710456943288e-02
2.554768095251340014e+02 7.173556686904658530e-02
2.559244663778053734e+02 7.137688903470135182e-02
2.562387245888145912e+02 7.102000458952784090e-02
2.549612987695607558e+02 7.066490456658020003e-02
2.554359199644899547e+02 7.031158004374729598e-02
2.558204106693675044e+02 6.996002214352856075e-02
2.561851271983004494e+02 6.961022203281092002e-02
2.553282939920952685e+02 6.926217092264685959e-02
2.550575028825563777e+02 6.891586006803362974e-02
2.555041952248083987e+02 6.857128076769346270e-02
2.555566657351881474e+02 6.822842436385499754e-02
2.554713843657451946e+02 6.788728224203571804e-02
2.558441743045310659e+02 6.754784583082554250e-02
2.557653063792493526e+02 6.721010660167141271e-02
2.555564949689781713e+02 6.687405606866304864e-02
2.554790676906856675e+02 6.653968578831973013e-02
2.561215144510635469e+02 6.620698735937813328e-02
2.556230849302390311e+02 6.587595242258123540e-02
2.565651868412167573e+02 6.554657266046833020e-02
2.555288815277140486e+02 6.521883979716598667e-02
2.557075899299024400e+02 6.489274559818015986e-02
2.555518892516328151e+02 6.456828187018925913e-02
2.552824730455039912e+02 6.424544046083831284e-02
2.549085350626339732e+02 6.392421325853411829e-02
2.552462689471473709e+02 6.360459219224144645e-02
2.556527111480811811e+02 6.328656923128024581e-02
2.552377865894629281e+02 6.297013638512384548e-02
2.552797490340364277e+02 6.265528570319822688e-02
2.558169901417543315e+02 6.234200927468223213e-02
2.555651069262497685e+02 6.203029922830882031e-02
2.554633835259241152e+02 6.172014773216727423e-02
2.558106373692853879e+02 6.141154699350643426e-02
2.551125971834699158e+02 6.110448925853890351e-02
2.552479157379312653e+02 6.079896681224621069e-02
2.549609983070220380e+02 6.049497197818497901e-02
2.555762026686268484e+02 6.019249711829405269e-02
2.549983402886468298e+02 5.989153463270258104e-02
2.554192461672809316e+02 5.959207695953906703e-02
2.552986489311903995e+02 5.929411657474137343e-02
2.549317610441156035e+02 5.899764599186766573e-02
2.552119569173414106e+02 5.870265776190832646e-02
2.550183643613944184e+02 5.840914447309878549e-02
2.555116430072836806e+02 5.811709875073329395e-02
2.556148274166586418e+02 5.782651325697962807e-02
2.552009273918179986e+02 5.753738069069472966e-02
2.550318857298675539e+02 5.724969378724125563e-02
2.554549561358980725e+02 5.696344531830505042e-02
2.549432951309635484e+02 5.667862809171352739e-02
2.546612220954449697e+02 5.639523495125495917e-02
2.550692330087976245e+02 5.611325877649868399e-02
2.551018859895701496e+02 5.583269248261619327e-02
2.556675646480046282e+02 5.555352902020311429e-02
2.553594787126397421e+02 5.527576137510210180e-02
2.548904040551703361e+02 5.499938256822659022e-02
2.551590975608829979e+02 5.472438565538545463e-02
2.549352165293097130e+02 5.445076372710852541e-02
2.553589512183203283e+02 5.417850990847298404e-02
2.552103880245176697e+02 5.390761735893061929e-02
2.553889063439168581e+02 5.363807927213596477e-02
2.552576327978983102e+02 5.336988887577528290e-02
2.553816531737556659e+02 5.310303943139640936e-02
2.552220776147549088e+02 5.283752423423943023e-02
2.550496085532506356e+02 5.257333661306823336e-02
2.553909242540604794e+02 5.231046993000289247e-02
2.557576426291375071e+02 5.204891758035287697e-02
2.552916610413894887e+02 5.178867299245111522e-02
2.552954301501243890e+02 5.152972962748886276e-02
2.552287878774695287e+02 5.127208097935141706e-02
2.548842320188068982e+02 5.101572057445465797e-02
2.549832312765790903e+02 5.076064197158238617e-02
2.550544217108641476e+02 5.050683876172447351e-02
2.548827259127123170e+02 5.025430456791585287e-02
2.550132358455194606e+02 5.000303304507627139e-02
2.551521513555865113e+02 4.975301787985089014e-02
2.551045897431847607e+02 4.950425279045163329e-02
2.551442681214487607e+02 4.925673152649937686e-02
2.550604465178135172e+02 4.901044786886687987e-02
2.549371853018784861e+02 4.876539562952254825e-02
2.554077050407483114e+02 4.852156865137493419e-02
2.552293579746653336e+02 4.827896080811806129e-02
2.551704444537115535e+02 4.803756600407747129e-02
2.550398064829688280e+02 4.779737817405708272e-02
2.553577323928631415e+02 4.755839128318679887e-02
2.549087965632544694e+02 4.732059932677086522e-02
2.550903522351671029e+02 4.708399633013701097e-02
2.548796007963277361e+02 4.684857634848632602e-02
2.547040746100520607e+02 4.661433346674389439e-02
2.548824289373771705e+02 4.638126179941017696e-02
2.551327269524745418e+02 4.614935549041312285e-02
2.551700719849960137e+02 4.591860871296105789e-02
2.549918987028930815e+02 4.568901566939625319e-02
2.551580559387058713e+02 4.546057059104927078e-02
2.553936797290100174e+02 4.523326773809402401e-02
2.548908219300496967e+02 4.500710139940355264e-02
2.550243878303373322e+02 4.478206589240653346e-02
2.551705898352831525e+02 4.455815556294449864e-02
2.548157880298342945e+02 4.433536478512977580e-02
2.553823846784627278e+02 4.411368796120412883e-02
2.556203289401425991e+02 4.389311952139810652e-02
2.549407672821952815e+02 4.367365392379111283e-02
2.548139344748572910e+02 4.345528565417215716e-02
2.552576130868474422e+02 4.323800922590129853e-02
2.548233798853225665e+02 4.302181917977179054e-02
2.547277790986015589e+02 4.280671008387293419e-02
2.553102162606141405e+02 4.259267653345356897e-02
2.547945334449019015e+02 4.237971315078629952e-02
2.550706256221649255e+02 4.216781458503236768e-02
2.551063019868308572e+02 4.195697551210720438e-02
2.545963597556758486e+02 4.174719063454666867e-02
2.548222297369938190e+02 4.153845468137393193e-02
2.544203567967602737e+02 4.133076240796706297e-02
2.551044829765302211e+02 4.112410859592723067e-02
2.551397845879012607e+02 4.091848805294759361e-02
2.545731740802598324e+02 4.071389561268285578e-02
2.550009056534744900e+02 4.051032613461943988e-02
2.551333043103196587e+02 4.030777450394634059e-02
2.548534183960630344e+02 4.010623563142660941e-02
2.547779639764167996e+02 3.990570445326947768e-02
2.545582937944719220e+02 3.970617593100313203e-02
2.549195033298911710e+02 3.950764505134811422e-02
2.551185465686589566e+02 3.931010682609137330e-02
2.549382467729789994e+02 3.911355629196091449e-02
2.548430864946903114e+02 3.891798851050110725e-02
2.550525249963744443e+02 3.872339856794860397e-02
2.549904325186036544e+02 3.852978157510886237e-02
2.550639258568479306e+02 3.833713266723332014e-02
2.548080569233043207e+02 3.814544700389715243e-02
2.549011278144913319e+02 3.795471976887766774e-02
2.547032139862498070e+02 3.776494617003327975e-02
2.546133172320810729e+02 3.757612143918311054e-02
2.548366643932935744e+02 3.738824083198719755e-02
2.544922255474748738e+02 3.720129962782726257e-02
2.546169562820553836e+02 3.701529312968812602e-02
2.548659729587298557e+02 3.683021666403968331e-02
2.543995255074663646e+02 3.664606558071948489e-02
2.546380986442436551e+02 3.646283525281588528e-02
2.548054016200890430e+02 3.628052107655180269e-02
2.548206156524243227e+02 3.609911847116904077e-02
2.547410299723042897e+02 3.591862287881319310e-02
2.546323934840063430e+02 3.573902976441912377e-02
2.548968920677261281e+02 3.556033461559703068e-02
2.547231504976365670e+02 3.538253294251904324e-02
2.547719805400343773e+02 3.520562027780644448e-02
2.547385432639864575e+02 3.502959217641741368e-02
2.549380014480431669e+02 3.485444421553532401e-02
2.547349846860623472e+02 3.468017199445764392e-02
2.548450481857096861e+02 3.450677113448535893e-02
2.547518145570898298e+02 3.433423727881293464e-02
2.549263510332127680e+02 3.416256609241886955e-02
2.547683567976746701e+02 3.399175326195677527e-02
2.548624448167200569e+02 3.382179449564699097e-02
2.547899775137751419e+02 3.365268552316875300e-02
2.546890991816296150e+02 3.348442209555290566e-02
2.545577910157755355e+02 3.331699998507513943e-02
2.547432322708925767e+02 3.315041498514976342e-02
2.548913339237078901e+02 3.298466291022401214e-02
2.548340829390425029e+02 3.281973959567289351e-02
2.546175101437796968e+02 3.265564089769452949e-02
2.550341477685966254e+02 3.249236269320605885e-02
2.551278245079903684e+02 3.232990087974002558e-02
2.547789507251276575e+02 3.216825137534132240e-02
2.546102407188156462e+02 3.200741011846461315e-02
2.545558632418539275e+02 3.184737306787228939e-02
2.546102926162544691e+02 3.168813620253292662e-02
2.546378784202949532e+02 3.152969552152026095e-02
2.545111495077453867e+02 3.137204704391265836e-02
2.548353482127086522e+02 3.121518680869309406e-02
2.545553375734155850e+02 3.105911087464962791e-02
2.544242961647866537e+02 3.090381532027637948e-02
2.543105316635995621e+02 3.074929624367499573e-02
2.547019678482394909e+02 3.059554976245662181e-02
2.547936567782455768e+02 3.044257201364434021e-02
2.547622369507996893e+02 3.029035915357611991e-02
2.548967055470785681e+02 3.013890735780824087e-02
2.546439198861968976e+02 2.998821282101920074e-02
2.546890477348894422e+02 2.983827175691410385e-02
2.547852928585754455e+02 2.968908039812953245e-02
2.547390819265592086e+02 2.954063499613888630e-02
2.547877043573483604e+02 2.939293182115819067e-02
2.547563066365384827e+02 2.924596716205240046e-02
2.547176367624824422e+02 2.909973732624213799e-02
2.544587913059854429e+02 2.895423863961092692e-02
2.544237449669355726e+02 2.880946744641287374e-02
2.545844274814448625e+02 2.866542010918081071e-02
2.545908126945569734e+02 2.852209300863490712e-02
2.546864966769838361e+02 2.837948254359173167e-02
2.543988438988785390e+02 2.823758513087377270e-02
2.544429572549389036e+02 2.809639720521940262e-02
2.545612262077865466e+02 2.795591521919330719e-02
2.545725629739016824e+02 2.781613564309734152e-02
2.545767645343771335e+02 2.767705496488185452e-02
2.546418081835833789e+02 2.753866969005744347e-02
2.545946860374637311e+02 2.740097634160715626e-02
2.545434737332317638e+02 2.726397145989912021e-02
2.549016425070659011e+02 2.712765160259962560e-02
2.545491408987974467e+02 2.699201334458662879e-02
2.547360835546072337e+02 2.685705327786369612e-02
2.544302174508335099e+02 2.672276801147437791e-02
2.544699590186718865e+02 2.658915417141700585e-02
2.546169622315831589e+02 2.645620840055992046e-02
2.544580156182415180e+02 2.632392735855712193e-02
2.544292932267348135e+02 2.619230772176433727e-02
2.544130856179310456e+02 2.606134618315551418e-02
2.543645212747971698e+02 2.593103945223973819e-02
2.546776482238827271e+02 2.580138425497853841e-02
2.545686857620310093e+02 2.567237733370364428e-02
2.545495047730828162e+02 2.554401544703512744e-02
2.546430895190422348e+02 2.541629536979995302e-02
2.547135798162795766e+02 2.528921389295095412e-02
2.544615678233553808e+02 2.516276782348619845e-02
2.545296105353237408e+02 2.503695398436876773e-02
2.545764891487037005e+02 2.491176921444692230e-02
2.547650511840309946e+02 2.478721036837468888e-02
2.546153954455194253e+02 2.466327431653281624e-02
2.546997468051992541e+02 2.453995794495015051e-02
2.543235802608639915e+02 2.441725815522539922e-02
2.543946023206993630e+02 2.429517186444927340e-02
2.544427234098006920e+02 2.417369600512702527e-02
2.546554680334388649e+02 2.405282752510138830e-02
2.544870896877145583e+02 2.393256338747588169e-02
2.544926199244901852e+02 2.381290057053850329e-02
2.546995846486435369e+02 2.369383606768581119e-02
2.546075672085667918e+02 2.357536688734738345e-02
2.543141535505593538e+02 2.345749005291064559e-02
2.545009531625115073e+02 2.334020260264609362e-02
2.545461622267056043e+02 2.322350158963286393e-02
2.546466319090214938e+02 2.310738408168469885e-02
2.545572322778608338e+02 2.299184716127627634e-02
2.545445375003256174e+02 2.287688792546989369e-02
2.543380442017208622e+02 2.276250348584254318e-02
2.542638514378022023e+02 2.264869096841333126e-02
2.543160607896433021e+02 2.253544751357126549e-02
2.542221972174920666e+02 2.242277027600340922e-02
2.544406975725375446e+02 2.231065642462339363e-02
2.544615577476671149e+02 2.219910314250027675e-02
2.543462337538535394e+02 2.208810762678777365e-02
2.545549296835435484e+02 2.197766708865383362e-02
2.544822124301536803e+02 2.186777875321056427e-02
2.543120607954054435e+02 2.175843985944451303e-02
2.543138755144444758e+02 2.164964766014729203e-02
2.543927847429011990e+02 2.154139942184655696e-02
2.544358466507721914e+02 2.143369242473732242e-02
2.544746531773006950e+02 2.132652396261363464e-02
2.542946174780876731e+02 2.121989134280056685e-02
2.543064316580197044e+02 2.111379188608656504e-02
2.544162430855129742e+02 2.100822292665613378e-02
2.546454447359715516e+02 2.090318181202285158e-02
2.544556495426222398e+02 2.079866590296273673e-02
2.543256016421467223e+02 2.069467257344792185e-02
2.542854561251373582e+02 2.059119921058068237e-02
2.543454522308239518e+02 2.048824321452777722e-02
2.544172896059129130e+02 2.038580199845513655e-02
2.544663497130943881e+02 2.028387298846286158e-02
2.543698389717933992e+02 2.018245362352054720e-02
2.544977170016797174e+02 2.008154135540294455e-02
2.543218215035420542e+02 1.998113364862592889e-02
2.544486554283404303e+02 1.988122798038280056e-02
2.544954912117327694e+02 1.978182184048088779e-02
2.544963185788235194e+02 1.968291273127848254e-02
2.542370309314085262e+02 1.958449816762208862e-02
2.545660797170639000e+02 1.948657567678397859e-02
2.543213080450135521e+02 1.938914279840005944e-02
2.542670472269699928e+02 1.929219708440805744e-02
2.543478181838905812e+02 1.919573609898601874e-02
2.541648075270552738e+02 1.909975741849108746e-02
2.542170137658178817e+02 1.900425863139863086e-02
2.543123016794708064e+02 1.890923733824163844e-02
2.544259926024220704e+02 1.881469115155042990e-02
2.545323492422924687e+02 1.872061769579267884e-02
2.544282718004913590e+02 1.862701460731371397e-02
2.542851613687886925e+02 1.853387953427714646e-02
2.543689875568706213e+02 1.844121013660576097e-02
2.543827029604120753e+02 1.834900408592273283e-02
2.542440438330836798e+02 1.825725906549311925e-02
2.543058716113164337e+02 1.816597277016565246e-02
2.541877510158872724e+02 1.807514290631482418e-02
2.541955959754691037e+02 1.798476719178325120e-02
2.542365267111759408e+02 1.789484335582433583e-02
2.543267418740592518e+02 1.780536913904521429e-02
2.543475368882237717e+02 1.771634229334998964e-02
2.543454140926380660e+02 1.762776058188323877e-02
2.543014323515532453e+02 1.753962177897382124e-02
2.543306758259421940e+02 1.745192367007895179e-02
2.542996944941448305e+02 1.736466405172855734e-02
2.543518255486505097e+02 1.727784073146991506e-02
2.542199094554473220e+02 1.719145152781256444e-02
2.542580244375346865e+02 1.710549427017350049e-02
2.542653040417372949e+02 1.701996679882263400e-02
2.543902320842959170e+02 1.693486696482852244e-02
2.543900660521454711e+02 1.685019263000437847e-02
2.542580590206074476e+02 1.676594166685435594e-02
2.543723444280077217e+02 1.668211195852008569e-02
2.544324262417677573e+02 1.659870139872748548e-02
2.543196822798554706e+02 1.651570789173384748e-02
2.544652170821937034e+02 1.643312935227517896e-02
2.542970077381268936e+02 1.635096370551380324e-02
2.541809201031942109e+02 1.626920888698623474e-02
2.541490254140859690e+02 1.618786284255130381e-02
2.543144170100598842e+02 1.610692352833854868e-02
2.543443434644260321e+02 1.602638891069685725e-02
2.542976156703978177e+02 1.594625696614337257e-02
2.542517083971692671e+02 1.586652568131265498e-02
2.541399324983983092e+02 1.578719305290609068e-02
2.541716898307167867e+02 1.570825708764156045e-02
2.543253099824517562e+02 1.562971580220335124e-02
2.543714434729799336e+02 1.555156722319233492e-02
2.543396302910100815e+02 1.547380938707637252e-02
2.543202400854543157e+02 1.539644034014099085e-02
2.543565151872296042e+02 1.531945813844028635e-02
2.542254539915875569e+02 1.524286084774808571e-02
2.543135578723045569e+02 1.516664654350934581e-02
2.543128307206630438e+02 1.509081331079179834e-02
2.543037127919537852e+02 1.501535924423783898e-02
2.543648013153351712e+02 1.494028244801664899e-02
2.542566700403579034e+02 1.486558103577656498e-02
2.542049841503301764e+02 1.479125313059768271e-02
2.542165742564195625e+02 1.471729686494469350e-02
2.541658710241410120e+02 1.464371038061997032e-02
2.542310407787690281e+02 1.457049182871687082e-02
2.541796301665085309e+02 1.449763936957328657e-02
2.542375994413090439e+02 1.442515117272541968e-02
2.541337864725205122e+02 1.435302541686179177e-02
2.541747193348917619e+02 1.428126028977748201e-02
2.542475604942171969e+02 1.420985398832859403e-02
2.542148069346609418e+02 1.413880471838695023e-02
2.541673126214126626e+02 1.406811069479501491e-02
2.542617096926488500e+02 1.399777014132103960e-02
2.542117663959027425e+02 1.392778129061443375e-02
2.541192424587090102e+02 1.385814238416136109e-02
2.541934193865461395e+02 1.378885167224055443e-02
2.541050678470630828e+02 1.371990741387935087e-02
2.542253841556602652e+02 1.365130787680995418e-02
2.541482235627605917e+02 1.358305133742590369e-02
2.541399584563352505e+02 1.351513608073877382e-02
2.542712178800778133e+02 1.344756040033508009e-02
2.541517756092644333e+02 1.338032259833340544e-02
2.541667139317484612e+02 1.331342098534173818e-02
2.542344608906562087e+02 1.324685388041503022e-02
2.542500831509437091e+02 1.318061961101295483e-02
2.543729501168913032e+02 1.311471651295788993e-02
2.541179432998779930e+02 1.304914293039310079e-02
2.542045018803336518e+02 1.298389721574113448e-02
2.541063298192789830e+02 1.291897772966242933e-02
2.541070629291887997e+02 1.285438284101411699e-02
2.542167696810676603e+02 1.279011092680904654e-02
2.541516021092311632e+02 1.272616037217500114e-02
2.542062111075578343e+02 1.266252957031412628e-02
2.541922842301232777e+02 1.259921692246255588e-02
2.542192737902176702e+02 1.253622083785024301e-02
2.542408860689700703e+02 1.247353973366099184e-02
2.542093855183157416e+02 1.241117203499268740e-02
2.541827984542947547e+02 1.234911617481772306e-02
2.541162359281155716e+02 1.228737059394363444e-02
2.542426514822563774e+02 1.222593374097391550e-02
2.541148016926833009e+02 1.216480407226904620e-02
2.542324525344014319e+02 1.210398005190770065e-02
2.541519691077158143e+02 1.204346015164816167e-02
2.541409264872230267e+02 1.198324285088992087e-02
2.541635106651482658e+02 1.192332663663547149e-02
2.542418648591334716e+02 1.186371000345229354e-02
2.541562631864510138e+02 1.180439145343503173e-02
2.541992029604015499e+02 1.174536949616785710e-02
2.541795703233761117e+02 1.168664264868701785e-02
2.542111595488264868e+02 1.162820943544358269e-02
2.542459428880288783e+02 1.157006838826636456e-02
2.541237816109572805e+02 1.151221804632503350e-02
2.541217661885480652e+02 1.145465695609340813e-02
2.541996116814138134e+02 1.139738367131294151e-02
2.542507122312862293e+02 1.134039675295637692e-02
2.541743208269098488e+02 1.128369476919159446e-02
2.541455284180410388e+02 1.122727629534563641e-02
2.540942212850885369e+02 1.117113991386890770e-02
2.541202560993540374e+02 1.111528421429956379e-02
2.541125853106805437e+02 1.105970779322806678e-02
2.540515028126107779e+02 1.100440925426192720e-02
2.541250700586281539e+02 1.094938720799061745e-02
2.540785989199000028e+02 1.089464027195066395e-02
2.541992464901725270e+02 1.084016707059091110e-02
2.542040244182090305e+02 1.078596623523795685e-02
2.541990803033984321e+02 1.073203640406176704e-02
2.541877895639304654e+02 1.067837622204145798e-02
2.541402080938596271e+02 1.062498434093125076e-02
2.541123996961410967e+02 1.057185941922659383e-02
2.542005933629357344e+02 1.051900012213046083e-02
2.540831434990646187e+02 1.046640512151980791e-02
2.540891863677305196e+02 1.041407309591220812e-02
2.541060287748410644e+02 1.036200273043264702e-02
2.542523557055588128e+02 1.031019271678048320e-02
2.540428949453615530e+02 1.025864175319658039e-02
2.540864610003516191e+02 1.020734854443059759e-02
2.541375994192424059e+02 1.015631180170844389e-02
2.540621742790745827e+02 1.010553024269990156e-02
2.540815720047873185e+02 1.005500259148640191e-02
2.540370054060985865e+02 1.000472757852896924e-02
2.540952765114376461e+02 9.954703940636324550e-03
