1.873972634255805758e+02 9.949999999999999289e+00
2.377651753977445139e+02 9.900249999999999773e+00
2.306926049969973462e+02 9.850748749999999276e+00
2.578612178915385016e+02 9.801495006249998809e+00
3.043282532336807549e+02 9.752487531218749339e+00
2.897493043577408685e+02 9.703725093562654891e+00
3.230862721862224021e+02 9.655206468094840844e+00
3.402540539469479199e+02 9.606930435754366115e+00
3.158832373246864904e+02 9.558895783575593441e+00
2.822760808525282528e+02 9.511101304657715971e+00
2.951502709924781129e+02 9.463545798134427756e+00
2.915593400975336635e+02 9.416228069143755874e+00
2.466499923755480665e+02 9.369146928798036456e+00
2.704008234549705207e+02 9.322301194154047010e+00
2.817551037403166561e+02 9.275689688183277326e+00
2.999479315588052373e+02 9.229311239742360229e+00
3.158020991910919406e+02 9.183164683543648010e+00
3.152779468205599187e+02 9.137248860125929184e+00
2.998259289991265746e+02 9.091562615825299787e+00
2.729358635475086885e+02 9.046104802746173235e+00
2.441035007783307265e+02 9.000874278732442946e+00
2.869484718433866419e+02 8.955869907338779967e+00
2.840675285025275798e+02 8.911090557802085144e+00
2.548256225109985849e+02 8.866535105013074514e+00
2.704500238404150991e+02 8.822202429488008590e+00
2.480875613898148799e+02 8.778091417340569080e+00
2.659228572613307620e+02 8.734200960253867052e+00
2.473691021064316828e+02 8.690529955452598543e+00
2.334806160528927990e+02 8.647077305675335168e+00
2.642230414513416008e+02 8.603841919146958617e+00
2.823076385961756500e+02 8.560822709551223042e+00
3.054574306184740635e+02 8.518018596003466669e+00
2.842367178960720935e+02 8.475428503023449522e+00
2.540365111885658962e+02 8.433051360508331484e+00
2.473045942871334830e+02 8.390886103705788912e+00
3.423390434472016750e+02 8.348931673187259150e+00
3.230831673976800289e+02 8.307187014821323601e+00
2.648122907566727804e+02 8.265651079747216912e+00
2.190354598484898361e+02 8.224322824348480054e+00
2.324546298747702053e+02 8.183201210226737743e+00
2.618567488400584011e+02 8.142285204175603752e+00
2.108736200383391974e+02 8.101573778154726568e+00
2.242802535078223229e+02 8.061065909263952278e+00
2.349945839364490610e+02 8.020760579717633121e+00
2.969114222281012303e+02 7.980656776819045284e+00
2.849514589977636660e+02 7.940753492934949698e+00
2.836769353669624820e+02 7.901049725470274510e+00
2.641019708238307544e+02 7.861544476842922791e+00
2.485061081101266609e+02 7.822236754458708141e+00
2.514575312913065090e+02 7.783125570686414640e+00
2.897282854782147865e+02 7.744209942832982918e+00
2.669584129941990227e+02 7.705488893118817906e+00
2.921743760252982725e+02 7.666961448653223599e+00
2.618473313198481378e+02 7.628626641409957720e+00
2.548493137854525514e+02 7.590483508202908070e+00
2.338964887755333280e+02 7.552531090661893209e+00
2.445862896698240547e+02 7.514768435208583952e+00
2.472179049319708781e+02 7.477194593032541192e+00
2.170079626149493208e+02 7.439808620067378087e+00
2.541096666976385734e+02 7.402609576967041249e+00
2.804453234158615942e+02 7.365596529082205635e+00
2.782044834345286404e+02 7.328768546436794651e+00
2.769559655837789478e+02 7.292124703704610411e+00
2.649209299475768375e+02 7.255664080186087439e+00
3.192059895673224332e+02 7.219385759785157397e+00
2.509213031768040878e+02 7.183288830986231943e+00
2.399313481829025534e+02 7.147372386831301050e+00
2.453941302724643378e+02 7.111635524897144123e+00
2.265633964775128106e+02 7.076077347272658358e+00
2.175114863712647093e+02 7.040696960536295457e+00
2.152434682729503095e+02 7.005493475733613806e+00
2.462831477243678080e+02 6.970466008354946119e+00
2.552272527772318256e+02 6.935613678313170993e+00
2.526501994141792409e+02 6.900935609921605263e+00
2.506142420329199751e+02 6.866430931871997601e+00
3.038144226882118915e+02 6.832098777212637586e+00
2.971087381022956606e+02 6.797938283326574016e+00
2.622252478199827692e+02 6.763948591909940689e+00
2.593531082742990179e+02 6.730128848950390541e+00
2.771297555718529679e+02 6.696478204705638149e+00
2.452942158760617417e+02 6.662995813682109691e+00
2.361154926816103057e+02 6.629680834613699503e+00
2.610780855268457117e+02 6.596532430440630534e+00
2.931442601641984993e+02 6.563549768288427622e+00
2.536581560236568862e+02 6.530732019446985781e+00
2.543514125148435880e+02 6.498078359349750421e+00
2.323087894578457053e+02 6.465587967553001469e+00
2.389418517687529686e+02 6.433260027715236085e+00
2.405945496252650742e+02 6.401093727576659731e+00
2.189465062984039889e+02 6.369088258938776725e+00
2.422496386295341608e+02 6.337242817644082926e+00
2.577527761778419517e+02 6.305556603555862338e+00
2.283897346743783601e+02 6.274028820538083195e+00
2.204642554611952221e+02 6.242658676435392628e+00
2.311660662207094674e+02 6.211445383053215252e+00
2.206780730934968062e+02 6.180388156137949451e+00
2.190046784305875747e+02 6.149486215357259589e+00
2.294633780259739240e+02 6.118738784280473020e+00
2.613830526103648708e+02 6.088145090359070366e+00
2.109864587795568696e+02 6.057704364907275263e+00
2.066508508787453877e+02 6.027415843082739144e+00
2.298642617319538886e+02 5.997278763867325502e+00
2.285701636528333154e+02 5.967292370047989181e+00
1.990818977891675559e+02 5.937455908197748933e+00
2.153776059516889347e+02 5.907768628656760335e+00
2.471667412199587943e+02 5.878229785513476635e+00
2.512455006251640555e+02 5.848838636585909079e+00
2.255155045073825022e+02 5.819594443402979600e+00
2.202615044757852445e+02 5.790496471185965000e+00
2.075809902036076551e+02 5.761543988830035268e+00
2.232107737147410376e+02 5.732736268885885167e+00
2.218493263898054977e+02 5.704072587541455519e+00
2.662974942375037699e+02 5.675552224603748641e+00
2.751862384313903362e+02 5.647174463480729933e+00
2.255649579429407936e+02 5.618938591163326279e+00
2.293119836972797145e+02 5.590843898207509710e+00
2.071857506667326732e+02 5.562889678716472552e+00
2.030184682472469149e+02 5.535075230322890505e+00
2.182219841035842478e+02 5.507399854171276310e+00
1.970357629049775596e+02 5.479862854900419578e+00
2.302445199955935493e+02 5.452463540625917204e+00
2.085296573657892054e+02 5.425201222922787281e+00
2.582136037777974593e+02 5.398075216808173593e+00
2.263521270987749006e+02 5.371084840724132725e+00
2.454325809481983356e+02 5.344229416520511755e+00
2.526592171013968198e+02 5.317508269437909441e+00
2.466928394810693419e+02 5.290920728090720004e+00
2.756053846754138021e+02 5.264466124450266626e+00
2.282388283581373969e+02 5.238143793828014871e+00
2.233791134665065385e+02 5.211953074858874935e+00
2.040612378986063788e+02 5.185893309484580271e+00
1.965969957474121372e+02 5.159963842937157708e+00
2.376186621623496649e+02 5.134164023722472159e+00
2.114445480510127311e+02 5.108493203603860167e+00
2.396354623818349410e+02 5.082950737585840706e+00
2.190586457570388461e+02 5.057535983897911258e+00
2.121505003566904293e+02 5.032248303978422044e+00
2.478905634650627405e+02 5.007087062458530191e+00
2.467746331068605343e+02 4.982051627146237394e+00
2.305681854922505920e+02 4.957141369010506615e+00
2.112027599531352848e+02 4.932355662165454291e+00
2.138139503774050070e+02 4.907693883854626904e+00
2.046949439172194900e+02 4.883155414435353947e+00
2.181498517949766835e+02 4.858739637363177266e+00
2.275065723928418606e+02 4.834445939176361229e+00
2.152488049913673933e+02 4.810273709480479276e+00
2.227866176518751047e+02 4.786222340933076858e+00
2.016271403891260263e+02 4.762291229228411638e+00
2.263118289108747945e+02 4.738479773082269197e+00
2.215135441493353881e+02 4.714787374216857785e+00
2.132151572441800909e+02 4.691213437345773229e+00
2.005759082249967094e+02 4.667757370159044683e+00
2.114009683692537749e+02 4.644418583308249637e+00
2.024797377961295979e+02 4.621196490391707989e+00
2.227985447220895026e+02 4.598090507939749827e+00
2.357740297115025783e+02 4.575100055400050714e+00
2.225864506125597302e+02 4.552224555123050465e+00
2.287851993358904394e+02 4.529463432347434981e+00
2.258962272038813524e+02 4.506816115185698024e+00
2.029228833363273452e+02 4.484282034609769596e+00
2.206508372561222586e+02 4.461860624436720713e+00
2.458906483597496617e+02 4.439551321314537446e+00
2.040513261249473373e+02 4.417353564707965141e+00
2.166229712674193593e+02 4.395266796884425453e+00
2.037480616564090781e+02 4.373290462900003561e+00
1.903036121129020160e+02 4.351424010585503765e+00
1.955159240431579519e+02 4.329666890532576140e+00
1.759808466099398458e+02 4.308018556079913353e+00
2.096236859047312464e+02 4.286478463299514097e+00
2.118672866313273744e+02 4.265046070983016691e+00
2.238845016928503640e+02 4.243720840628101953e+00
2.290366515039773105e+02 4.222502236424961808e+00
2.207455316133551264e+02 4.201389725242837159e+00
2.132239630856852557e+02 4.180382776616623275e+00
2.230372838786876741e+02 4.159480862733540008e+00
2.392175480361190978e+02 4.138683458419872174e+00
2.223331939350937319e+02 4.117990041127773004e+00
2.188572220136433941e+02 4.097400090922134197e+00
1.955482155211672080e+02 4.076913090467523482e+00
2.001184266161557161e+02 4.056528525015186126e+00
1.818610878468263081e+02 4.036245882390110395e+00
1.843543712373791550e+02 4.016064652978159621e+00
2.076146003294703064e+02 3.995984329713268668e+00
2.048678564032084068e+02 3.976004408064702123e+00
2.354831634670208018e+02 3.956124386024378659e+00
2.324402796137761413e+02 3.936343764094256681e+00
2.216460200338788127e+02 3.916662045273785253e+00
2.191576818887673426e+02 3.897078735047416309e+00
2.041641486500106737e+02 3.877593341372179037e+00
1.824518875113865022e+02 3.858205374665318210e+00
1.975413021850589246e+02 3.838914347791991588e+00
2.116143353240694864e+02 3.819719776053031701e+00
2.125297659117679530e+02 3.800621177172766707e+00
1.979482322439586426e+02 3.781618071286902971e+00
2.169074660324097863e+02 3.762709980930468490e+00
1.895680421225645205e+02 3.743896431025816263e+00
1.973275718444082543e+02 3.725176948870687177e+00
2.043574441505680852e+02 3.706551064126333728e+00
2.313308873025946184e+02 3.688018308805701917e+00
2.046388922696852433e+02 3.669578217261673547e+00
1.889299363606080533e+02 3.651230326175365359e+00
2.085283809946928955e+02 3.632974174544488566e+00
1.998501000899370297e+02 3.614809303671766116e+00
2.116669760248121861e+02 3.596735257153407250e+00
1.856706240019995562e+02 3.578751580867640225e+00
2.007584502728372513e+02 3.560857822963301889e+00
1.903904670758524844e+02 3.543053533848485426e+00
2.014951329294791549e+02 3.525338266179243174e+00
2.011347185272064166e+02 3.507711574848346725e+00
2.144633876394373715e+02 3.490173016974104758e+00
2.142179124537115058e+02 3.472722151889234166e+00
1.920693336455134386e+02 3.455358541129788019e+00
2.227317335441090620e+02 3.438081748424139050e+00
2.025005083939566646e+02 3.420891339682018195e+00
2.307314010937805051e+02 3.403786882983608209e+00
2.130794275672454319e+02 3.386767948568690123e+00
2.071260936526195451e+02 3.369834108825846553e+00
2.075072717305783954e+02 3.352984938281717398e+00
1.920767316323854459e+02 3.336220013590308842e+00
1.898406067304991041e+02 3.319538913522357415e+00
2.033057971590201021e+02 3.302941218954745572e+00
1.843872208273935485e+02 3.286426512859971893e+00
2.077872384926153302e+02 3.269994380295671910e+00
1.900209058203542156e+02 3.253644408394193555e+00
1.970083407333799244e+02 3.237376186352222351e+00
1.919333034390308796e+02 3.221189305420461224e+00
2.046511475836339002e+02 3.205083358893358714e+00
2.060305492816093249e+02 3.189057942098891818e+00
1.844697952812486221e+02 3.173112652388397237e+00
1.809676624628849027e+02 3.157247089126455020e+00
1.978214641341282345e+02 3.141460853680822840e+00
2.142207735663656649e+02 3.125753549412418675e+00
2.131784989027982249e+02 3.110124781665356775e+00
1.889602383847769147e+02 3.094574157757029820e+00
2.092924765784796648e+02 3.079101286968244811e+00
1.899879249085957440e+02 3.063705780533403367e+00
2.086937561048835903e+02 3.048387251630736205e+00
1.888579294124438093e+02 3.033145315372582473e+00
1.808334486984064142e+02 3.017979588795719703e+00
1.932683821980481582e+02 3.002889690851741289e+00
1.924812718522239834e+02 2.987875242397482367e+00
1.803604901127322364e+02 2.972935866185494991e+00
1.994920953020157697e+02 2.958071186854567713e+00
1.850898855745941205e+02 2.943280830920294910e+00
1.811899498923840497e+02 2.928564426765693618e+00
1.919119844045469563e+02 2.913921604631865225e+00
1.853248459754167925e+02 2.899351996608706017e+00
1.968406179407154468e+02 2.884855236625662567e+00
1.832139943224975980e+02 2.870430960442534207e+00
1.869809245251528864e+02 2.856078805640321683e+00
1.845870319860326845e+02 2.841798411612120212e+00
1.922019009475218354e+02 2.827589419554059624e+00
1.926929012524387304e+02 2.813451472456289348e+00
1.972138474047658860e+02 2.799384215094007811e+00
1.851337692857622130e+02 2.785387294018537574e+00
1.812535081481562145e+02 2.771460357548444886e+00
2.182107445014863174e+02 2.757603055760702748e+00
1.953831618869290310e+02 2.743815040481899281e+00
1.917847461551545507e+02 2.730095965279489612e+00
1.818554315391388627e+02 2.716445485453092168e+00
1.879965822594199949e+02 2.702863258025826720e+00
2.032289768299300761e+02 2.689348941735697718e+00
1.958362258464154309e+02 2.675902197027019369e+00
1.895825251118008623e+02 2.662522686041884246e+00
1.856291619350973008e+02 2.649210072611674960e+00
1.852806435428755947e+02 2.635964022248616700e+00
1.735759548397234653e+02 2.622784202137373732e+00
1.798568717002275150e+02 2.609670281126686753e+00
1.985569483771895136e+02 2.596621929721053323e+00
1.881312628597733294e+02 2.583638820072447828e+00
1.986264556674532571e+02 2.570720625972085394e+00
1.917360696434743659e+02 2.557867022842224891e+00
2.095200405580189624e+02 2.545077687728013682e+00
1.922551940510434179e+02 2.532352299289373665e+00
1.836743255667448693e+02 2.519690537792926843e+00
1.916186602250600686e+02 2.507092085103962198e+00
1.815043141878647361e+02 2.494556624678442525e+00
1.878126884175644591e+02 2.482083841555050352e+00
1.855359864886158618e+02 2.469673422347275160e+00
1.870055533480411043e+02 2.457325055235538791e+00
1.862300780927346864e+02 2.445038429959361270e+00
1.780035720151613248e+02 2.432813237809564377e+00
1.771883830139645966e+02 2.420649171620516515e+00
2.079775026676825576e+02 2.408545925762413997e+00
1.854575147332154472e+02 2.396503196133601854e+00
1.910570202652815794e+02 2.384520680152933725e+00
1.818335636491963783e+02 2.372598076752169050e+00
1.815303468967283322e+02 2.360735086368408009e+00
1.769248505881771791e+02 2.348931410936565989e+00
1.777015772296291800e+02 2.337186753881883128e+00
1.878978910012836820e+02 2.325500820112473832e+00
2.108835860662288724e+02 2.313873316011911374e+00
1.860765872791344293e+02 2.302303949431852015e+00
1.749634776078992502e+02 2.290792429684692877e+00
1.855226249855766412e+02 2.279338467536269341e+00
2.040310792057093749e+02 2.267941775198587973e+00
1.929759730924402561e+02 2.256602066322594968e+00
1.932468115968746929e+02 2.245319055990981916e+00
2.014107544789404471e+02 2.234092460711027073e+00
1.888735450964215090e+02 2.222921998407471733e+00
1.952559273336967749e+02 2.211807388415434339e+00
1.811069379657552929e+02 2.200748351473357012e+00
1.810674183975395408e+02 2.189744609715990276e+00
1.945012234661727462e+02 2.178795886667410198e+00
1.888763841496592875e+02 2.167901907234073278e+00
1.773291756614102326e+02 2.157062397697902867e+00
1.803641636556188530e+02 2.146277085709413335e+00
1.736231648495418085e+02 2.135545700280866210e+00
1.763654502560349044e+02 2.124867971779461850e+00
1.822402824894788580e+02 2.114243631920564415e+00
1.757732791262266403e+02 2.103672413760961479e+00
1.840244885374721946e+02 2.093154051692156514e+00
1.906899679756094486e+02 2.082688281433695554e+00
1.752954740650205281e+02 2.072274840026527176e+00
1.716707892378950930e+02 2.061913465826394454e+00
1.826291443791544964e+02 2.051603898497262435e+00
1.833823238916689320e+02 2.041345879004776265e+00
1.965658824191246197e+02 2.031139149609752170e+00
1.752663477746614547e+02 2.020983453861703527e+00
1.853793301614300617e+02 2.010878536592394905e+00
1.759284079202849682e+02 2.000824143909432973e+00
1.940597684925560600e+02 1.990820023189885823e+00
1.848334733373721974e+02 1.980865923073936496e+00
1.809490488086291577e+02 1.970961593458566696e+00
1.753282775760766583e+02 1.961106785491273818e+00
1.838395129070310361e+02 1.951301251563817507e+00
1.793138127379206423e+02 1.941544745305998410e+00
1.772543939952576011e+02 1.931837021579468461e+00
1.791524621096482406e+02 1.922177836471571144e+00
1.755006822441447127e+02 1.912566947289213282e+00
1.794977035821989659e+02 1.903004112552767246e+00
1.860926062729498938e+02 1.893489091990003370e+00
1.865226129205096584e+02 1.884021646530053440e+00
1.772397580362865313e+02 1.874601538297403058e+00
1.901254639366995036e+02 1.865228530605915980e+00
1.752905133812694203e+02 1.855902387952886423e+00
1.853187244807733975e+02 1.846622876013122028e+00
1.796413854932176832e+02 1.837389761633056340e+00
1.740352829945965709e+02 1.828202812824891055e+00
1.785511219955027968e+02 1.819061798760766679e+00
1.778736267530906048e+02 1.809966489766962727e+00
1.737980637629782734e+02 1.800916657318127889e+00
1.789146868689669532e+02 1.791912074031537294e+00
1.768229635963078010e+02 1.782952513661379523e+00
1.814694884140748741e+02 1.774037751093072712e+00
1.727673395977483892e+02 1.765167562337607299e+00
1.838172629435505030e+02 1.756341724525919190e+00
1.797008440607490343e+02 1.747560015903289576e+00
1.808286368097750483e+02 1.738822215823773165e+00
1.753231938204571634e+02 1.730128104744654394e+00
1.720892431701902296e+02 1.721477464220931175e+00
1.735862445326601460e+02 1.712870076899826621e+00
1.733099112713316003e+02 1.704305726515327413e+00
1.763416948010096519e+02 1.695784197882750810e+00
1.725319904800796280e+02 1.687305276893336980e+00
1.755917649719651195e+02 1.678868750508870189e+00
1.697645482179433145e+02 1.670474406756325747e+00
1.820271665464511273e+02 1.662122034722544051e+00
1.765629706898494646e+02 1.653811424548931264e+00
1.789960048904023040e+02 1.645542367426186647e+00
1.783285701933231735e+02 1.637314655589055645e+00
1.818123365019845039e+02 1.629128082311110282e+00
1.792103314356314172e+02 1.620982441899554649e+00
1.816729732277813696e+02 1.612877529690056821e+00
1.706767439412362251e+02 1.604813142041606522e+00
1.698216481789547743e+02 1.596789076331398549e+00
1.738761508468015791e+02 1.588805130949741518e+00
1.686006409169509368e+02 1.580861105294992797e+00
1.686929541941167940e+02 1.572956799768517877e+00
1.805559756506903000e+02 1.565092015769675271e+00
1.766111257144956426e+02 1.557266555690826948e+00
1.767906672056430750e+02 1.549480222912372751e+00
1.751354443539685803e+02 1.541732821797810793e+00
1.752011365930462716e+02 1.534024157688821832e+00
1.790832552220061586e+02 1.526354036900377631e+00
1.815440427470330746e+02 1.518722266715875735e+00
1.727408243531920391e+02 1.511128655382296460e+00
1.722694440763733610e+02 1.503573012105384965e+00
1.746613147175145855e+02 1.496055147044857980e+00
1.763527311552086587e+02 1.488574871309633618e+00
1.723733510681526866e+02 1.481131996953085395e+00
1.846622584303171664e+02 1.473726336968320005e+00
1.784344298690527353e+02 1.466357705283478419e+00
1.748265825557845403e+02 1.459025916757060948e+00
1.770171104205506367e+02 1.451730787173275639e+00
1.797391293465897490e+02 1.444472133237409306e+00
1.791983854790104544e+02 1.437249772571222328e+00
1.790613085985367263e+02 1.430063523708366313e+00
1.803214839293599141e+02 1.422913206089824412e+00
1.813833719522142758e+02 1.415798640059375391e+00
1.706151461211333924e+02 1.408719646859078578e+00
1.738410631869257088e+02 1.401676048624783233e+00
1.695931888909812528e+02 1.394667668381659231e+00
1.715418043480304391e+02 1.387694330039750845e+00
1.776156452718106209e+02 1.380755858389552060e+00
1.744003775057403232e+02 1.373852079097604317e+00
1.722867914000928238e+02 1.366982818702116242e+00
1.693209973547242271e+02 1.360147904608605574e+00
1.702902601832118421e+02 1.353347165085562631e+00
1.717086110875042380e+02 1.346580429260134881e+00
1.776681901406795419e+02 1.339847527113834147e+00
1.742984304704066574e+02 1.333148289478264914e+00
1.730723811571751583e+02 1.326482548030873510e+00
1.692542893909200359e+02 1.319850135290719040e+00
1.688185484269573635e+02 1.313250884614265424e+00
1.839291228299632337e+02 1.306684630191194074e+00
1.922622933055656063e+02 1.300151207040238122e+00
1.704351117797017707e+02 1.293650451005036839e+00
1.725690936367062989e+02 1.287182198750011608e+00
1.745401671880074161e+02 1.280746287756261648e+00
1.702306179464673050e+02 1.274342556317480391e+00
1.706223477774767900e+02 1.267970843535892955e+00
1.708356846006174692e+02 1.261630989318213381e+00
1.751577898054982825e+02 1.255322834371622287e+00
1.726971496698765520e+02 1.249046220199764079e+00
1.727575057618896039e+02 1.242800989098765241e+00
1.727023965896526079e+02 1.236586984153271507e+00
1.807055676197857110e+02 1.230404049232505237e+00
1.697215963353164341e+02 1.224252028986342777e+00
1.724211046107009224e+02 1.218130768841411138e+00
1.747627246771198202e+02 1.212040114997203988e+00
1.750964801604637273e+02 1.205979914422217858e+00
1.814558992606589527e+02 1.199950014850106772e+00
1.721802103425219173e+02 1.193950264775856196e+00
1.751646170450333955e+02 1.187980513451976972e+00
1.669626344798915909e+02 1.182040610884717013e+00
1.710770920895317317e+02 1.176130407830293434e+00
1.715191976655904966e+02 1.170249755791141988e+00
1.793351033034171849e+02 1.164398507012186279e+00
1.725134111062159832e+02 1.158576514477125396e+00
1.726313900538440578e+02 1.152783631904739758e+00
1.707119346352593539e+02 1.147019713745216052e+00
1.736036609961173554e+02 1.141284615176489936e+00
1.707347524737399453e+02 1.135578192100607398e+00
1.675613657317192633e+02 1.129900301140104313e+00
1.661319812494660937e+02 1.124250799634403775e+00
1.653940214874280912e+02 1.118629545636231848e+00
1.717222198076279085e+02 1.113036397908050645e+00
1.693798098566460339e+02 1.107471215918510277e+00
1.691323579807133797e+02 1.101933859838917673e+00
1.720066783036884033e+02 1.096424190539723176e+00
1.703770015387176215e+02 1.090942069587024665e+00
1.703805299479563757e+02 1.085487359239089455e+00
1.761124339239538870e+02 1.080059922442893949e+00
1.729600510632965609e+02 1.074659622830679506e+00
1.724486904747855647e+02 1.069286324716526071e+00
1.724534618138427504e+02 1.063939893092943345e+00
1.734319221438605325e+02 1.058620193627478612e+00
1.688223386516557696e+02 1.053327092659341213e+00
1.697492760647558043e+02 1.048060457196044570e+00
1.773030369989768644e+02 1.042820154910064412e+00
1.703728043096533042e+02 1.037606054135514100e+00
1.676295613160263542e+02 1.032418023864836609e+00
1.788170555418048764e+02 1.027255933745512495e+00
1.676841577414288622e+02 1.022119654076784956e+00
1.674058186577019001e+02 1.017009055806401108e+00
1.713682442357851414e+02 1.011924010527369022e+00
1.737042683218503498e+02 1.006864390474732085e+00
1.716430552482096061e+02 1.001830068522358452e+00
1.713901065515666744e+02 9.968209181797466067e-01
1.718247474582821042e+02 9.918368135888478987e-01
1.733215558371668408e+02 9.868776295209036320e-01
1.734380543757587816e+02 9.819432413732991360e-01
1.697460421160427586e+02 9.770335251664326037e-01
1.712418488519573714e+02 9.721483575406004718e-01
1.683320029333052901e+02 9.672876157528974561e-01
1.679158847097564831e+02 9.624511776741330182e-01
1.689211621663716869e+02 9.576389217857623759e-01
1.684075336642254115e+02 9.528507271768336118e-01
1.651131719681114873e+02 9.480864735409494370e-01
1.691897113132471304e+02 9.433460411732447204e-01
1.686164339719229304e+02 9.386293109673784496e-01
1.745605283662134752e+02 9.339361644125415696e-01
1.720089784799365589e+02 9.292664835904788090e-01
1.737278825576978534e+02 9.246201511725263833e-01
1.766256356695017757e+02 9.199970504166637975e-01
1.767187921889529036e+02 9.153970651645805257e-01
1.699838754145172857e+02 9.108200798387575681e-01
1.700654720467339587e+02 9.062659794395637736e-01
1.679322229154130071e+02 9.017346495423659292e-01
1.697520503324787455e+02 8.972259762946540596e-01
1.683615052420119582e+02 8.927398464131808264e-01
1.664033821219870504e+02 8.882761471811149168e-01
1.660792120900864859e+02 8.838347664452093078e-01
1.704765472365883738e+02 8.794155926129832990e-01
1.676466668765551162e+02 8.750185146499184219e-01
1.677493789024586874e+02 8.706434220766687826e-01
1.681805040658195765e+02 8.662902049662853932e-01
1.694416119753565511e+02 8.619587539414539368e-01
1.711462430353082027e+02 8.576489601717466327e-01
1.649200646291108683e+02 8.533607153708878679e-01
1.683863105003210876e+02 8.490939117940333736e-01
1.674829959584727135e+02 8.448484422350631684e-01
1.723371045918770790e+02 8.406242000238878243e-01
1.660106880402264835e+02 8.364210790237683879e-01
1.724407405358613232e+02 8.322389736286495143e-01
1.718644986387572828e+02 8.280777787605062557e-01
1.662408273286993392e+02 8.239373898667037288e-01
1.664925819841479324e+02 8.198177029173702168e-01
1.704739998874009927e+02 8.157186144027833707e-01
1.754080980831950285e+02 8.116400213307694012e-01
1.700724236660128383e+02 8.075818212241155925e-01
1.658313398109700358e+02 8.035439121179950295e-01
1.658999909001051947e+02 7.995261925574050910e-01
1.677152434962128211e+02 7.955285615946180444e-01
1.692456579741440805e+02 7.915509187866449636e-01
1.745248538160518308e+02 7.875931641927117477e-01
1.664836087036563868e+02 7.836551983717482406e-01
1.660359974424011398e+02 7.797369223798894522e-01
1.702317184715257099e+02 7.758382377679899911e-01
1.694797048773186816e+02 7.719590465791500433e-01
1.695234241134549791e+02 7.680992513462543414e-01
1.667982025070071472e+02 7.642587550895230120e-01
1.717024927889199262e+02 7.604374613140754136e-01
1.676044411938334520e+02 7.566352740075050765e-01
1.703677140888144095e+02 7.528520976374675211e-01
1.678353652333238415e+02 7.490878371492801779e-01
1.692242665021588266e+02 7.453423979635337426e-01
1.693043474335962060e+02 7.416156859737160767e-01
1.750957533750377308e+02 7.379076075438475435e-01
1.705833807064593088e+02 7.342180695061283346e-01
1.707654269358521333e+02 7.305469791585976758e-01
1.675655357055690899e+02 7.268942442628046896e-01
1.638424749082473681e+02 7.232597730414906945e-01
1.680411370837572349e+02 7.196434741762832710e-01
1.667450556624742717e+02 7.160452568054018752e-01
1.662716263011463695e+02 7.124650305213748869e-01
1.685583850343803647e+02 7.089027053687679825e-01
1.704413679222031703e+02 7.053581918419241648e-01
1.686394094507994907e+02 7.018314008827145623e-01
1.711545095115467632e+02 6.983222438783009967e-01
1.677456133489365868e+02 6.948306326589095416e-01
1.686417476552267090e+02 6.913564794956149617e-01
1.687973426010136961e+02 6.878996970981369197e-01
1.655217829358304300e+02 6.844601986126462867e-01
1.730813900978237143e+02 6.810378976195829992e-01
1.690369376978256639e+02 6.776327081314851286e-01
1.692289956571096070e+02 6.742445445908277213e-01
1.670250185055555505e+02 6.708733218678736288e-01
1.710831784046624477e+02 6.675189552585342190e-01
1.699256764495710570e+02 6.641813604822415229e-01
1.658098710264582110e+02 6.608604536798302620e-01
1.743269547493418372e+02 6.575561514114310890e-01
1.669458384376547428e+02 6.542683706543739319e-01
1.650156685678043402e+02 6.509970288011021067e-01
1.648124773161898418e+02 6.477420436570966444e-01
1.699475422165407110e+02 6.445033334388111657e-01
1.660910892052141605e+02 6.412808167716170793e-01
1.674098186118227716e+02 6.380744126877589961e-01
1.675150019461253237e+02 6.348840406243202450e-01
1.643020049541398748e+02 6.317096204211986032e-01
1.691309045053747582e+02 6.285510723190925741e-01
1.673023550007491167e+02 6.254083169574971013e-01
1.682115873822077390e+02 6.222812753727096080e-01
1.670413905136941537e+02 6.191698689958460289e-01
1.650309309028029929e+02 6.160740196508668332e-01
1.659170393057100625e+02 6.129936495526124851e-01
1.656001600395835283e+02 6.099286813048494515e-01
1.691550324566813686e+02 6.068790378983252021e-01
1.666613416899992330e+02 6.038446427088335344e-01
1.703906484052689905e+02 6.008254194952893368e-01
1.686500882144498803e+02 5.978212923978128979e-01
1.720759954544893446e+02 5.948321859358238761e-01
1.712497301727670447e+02 5.918580250061447057e-01
1.652342711632393844e+02 5.888987348811139944e-01
1.643457928970538262e+02 5.859542412067084705e-01
1.670666285488538847e+02 5.830244700006749214e-01
1.683666663875650897e+02 5.801093476506715696e-01
1.656080082006859868e+02 5.772088009124182184e-01
1.670902997518383870e+02 5.743227569078561690e-01
1.659490857072797780e+02 5.714511431233169070e-01
1.660641053378892877e+02 5.685938874077003380e-01
1.665650132744094662e+02 5.657509179706617930e-01
1.654036406876346916e+02 5.629221633808084713e-01
1.661495048839263120e+02 5.601075525639044317e-01
1.662008253361925370e+02 5.573070148010849101e-01
1.664433922597920059e+02 5.545204797270795183e-01
1.695488042995653473e+02 5.517478773284441029e-01
1.671352596811460671e+02 5.489891379418019302e-01
1.650731085042096140e+02 5.462441922520928639e-01
1.690174691212653784e+02 5.435129712908324251e-01
1.654361431194153056e+02 5.407954064343782896e-01
1.652879917771067824e+02 5.380914294022064448e-01
1.637573743727486146e+02 5.354009722551954509e-01
1.684431070731831142e+02 5.327239673939194731e-01
1.662502970422101782e+02 5.300603475569498624e-01
1.641853776926604951e+02 5.274100458191650631e-01
1.655254862092871804e+02 5.247729955900691801e-01
1.704982521816182839e+02 5.221491306121188725e-01
1.676486042219213175e+02 5.195383849590582415e-01
1.685335398254677557e+02 5.169406930342629325e-01
1.678340900069735540e+02 5.143559895690915651e-01
1.674932197157996541e+02 5.117842096212461556e-01
1.649393846424088110e+02 5.092252885731398671e-01
1.657631570726850043e+02 5.066791621302741966e-01
1.695377044673215039e+02 5.041457663196228234e-01
1.683279061619469985e+02 5.016250374880246721e-01
1.672961062988833874e+02 4.991169123005845254e-01
1.659349328964006247e+02 4.966213277390815750e-01
1.652380421157915009e+02 4.941382211003861880e-01
1.669120934163573793e+02 4.916675299948842781e-01
1.670962336688122889e+02 4.892091923449098378e-01
1.654940126660968645e+02 4.867631463831852967e-01
1.652029487766642717e+02 4.843293306512693741e-01
1.626151935888067896e+02 4.819076839980130367e-01
1.667321097584618599e+02 4.794981455780229496e-01
1.652913032631536794e+02 4.771006548501328104e-01
1.655396439325102165e+02 4.747151515758821216e-01
1.644144926738296419e+02 4.723415758180027346e-01
1.649407180236802901e+02 4.699798679389127209e-01
1.664492516698576594e+02 4.676299685992181820e-01
1.661322869070794752e+02 4.652918187562221086e-01
1.639059529313857695e+02 4.629653596624410117e-01
1.650008207738560202e+02 4.606505328641288255e-01
1.649187320425349981e+02 4.583472801998081936e-01
1.680823211303221854e+02 4.560555437988091376e-01
1.637237067258261334e+02 4.537752660798151094e-01
1.653085302731221304e+02 4.515063897494160372e-01
1.690111059893282572e+02 4.492488578006689770e-01
1.688132282125193626e+02 4.470026135116656474e-01
1.637579427528587246e+02 4.447676004441072917e-01
1.638009846427841296e+02 4.425437624418867566e-01
1.647245969714690830e+02 4.403310436296773434e-01
1.661310785117775595e+02 4.381293884115289305e-01
1.647699147437853640e+02 4.359387414694712581e-01
1.646699711017819254e+02 4.337590477621238727e-01
1.679795527438204203e+02 4.315902525233132336e-01
1.662138408838611667e+02 4.294323012606966472e-01
1.649959191038749964e+02 4.272851397543931395e-01
1.631089886408577172e+02 4.251487140556211575e-01
1.653334302017642585e+02 4.230229704853430417e-01
1.640993430624659197e+02 4.209078556329163279e-01
1.663406442589542280e+02 4.188033163547517645e-01
1.659581188961565203e+02 4.167092997729779924e-01
1.646124957598021865e+02 4.146257532741131069e-01
1.666970609225324154e+02 4.125526245077425491e-01
1.636036573846172928e+02 4.104898613852038247e-01
1.628540016786016054e+02 4.084374120782778284e-01
1.667469773442354608e+02 4.063952250178864412e-01
1.641996438556368787e+02 4.043632488927970114e-01
1.656615646697750606e+02 4.023414326483329972e-01
1.675286434408943137e+02 4.003297254850913256e-01
1.647247501371664953e+02 3.983280768576658581e-01
1.639417173463501740e+02 3.963364364733775180e-01
1.632081400458299925e+02 3.943547542910106340e-01
1.643739373153462680e+02 3.923829805195555576e-01
1.642173811845133002e+02 3.904210656169577742e-01
1.636112855898569762e+02 3.884689602888730109e-01
1.645190477722053117e+02 3.865266154874286708e-01
1.644831146938614097e+02 3.845939824099915416e-01
1.654993747021418358e+02 3.826710124979416094e-01
1.648726619124834087e+02 3.807576574354519239e-01
1.621400335341281789e+02 3.788538691482746801e-01
1.643938973030812463e+02 3.769595998025332961e-01
1.638394098725698029e+02 3.750748018035206521e-01
1.659847788032750486e+02 3.731994277945030469e-01
1.655785050633406570e+02 3.713334306555305386e-01
1.630543750310541782e+02 3.694767635022528918e-01
1.681178348577204815e+02 3.676293796847416306e-01
1.655681160637970493e+02 3.657912327863179214e-01
1.638987646626802075e+02 3.639622766223863382e-01
1.674505493466758423e+02 3.621424652392744026e-01
1.632271280556776389e+02 3.603317529130780072e-01
1.625722767110875964e+02 3.585300941485126125e-01
1.647260059095540043e+02 3.567374436777700497e-01
1.652279217297036382e+02 3.549537564593812089e-01
1.631080583519209597e+02 3.531789876770842773e-01
1.649147468795352722e+02 3.514130927386988623e-01
1.641051453118314782e+02 3.496560272750053877e-01
1.632845791748727606e+02 3.479077471386303744e-01
1.626921376296498067e+02 3.461682084029372164e-01
1.645693703179525755e+02 3.444373673609225084e-01
1.622670467222231139e+02 3.427151805241178684e-01
1.624931936189026658e+02 3.410016046214972563e-01
1.631393321746034530e+02 3.392965965983897880e-01
1.622131030250971264e+02 3.376001136153978233e-01
1.645921547144756403e+02 3.359121130473208261e-01
1.636731529251256063e+02 3.342325524820842220e-01
1.626896025837236834e+02 3.325613897196738056e-01
1.622719748352720046e+02 3.308985827710754224e-01
1.635342194656236927e+02 3.292440898572200347e-01
1.625677242098575732e+02 3.275978694079339504e-01
1.645991598459231398e+02 3.259598800608942692e-01
1.632076539958279398e+02 3.243300806605897701e-01
1.645094197511375000e+02 3.227084302572867935e-01
1.639752459685190900e+02 3.210948881060003424e-01
1.661721863830409802e+02 3.194894136654703454e-01
1.638815354251255485e+02 3.178919665971429720e-01
1.621786867782794275e+02 3.163025067641572763e-01
1.633683865783197007e+02 3.147209942303365038e-01
1.652139158198323230e+02 3.131473892591848385e-01
1.637152345476492314e+02 3.115816523128889237e-01
1.630004798002826476e+02 3.100237440513244902e-01
1.640295090205555368e+02 3.084736253310678689e-01
1.632856331003800392e+02 3.069312572044125553e-01
1.649096596070520491e+02 3.053966009183904928e-01
1.631866815653551441e+02 3.038696179137985176e-01
1.633751953883364365e+02 3.023502698242295228e-01
1.622219410446755887e+02 3.008385184751083963e-01
1.642614883628014297e+02 2.993343258827328435e-01
1.635224956352772097e+02 2.978376542533191507e-01
1.629840511663722680e+02 2.963484659820525557e-01
1.647615444598388308e+02 2.948667236521422819e-01
1.633037854547899315e+02 2.933923900338815671e-01
1.629471170570924983e+02 2.919254280837121351e-01
1.617571184610202408e+02 2.904658009432935506e-01
1.619074360969555926e+02 2.890134719385770712e-01
1.632056047934821379e+02 2.875684045788841625e-01
1.637578533838577073e+02 2.861305625559897314e-01
1.629052186760266352e+02 2.846999097432098003e-01
1.640696169733320176e+02 2.832764101944937329e-01
1.644237113814617999e+02 2.818600281435212906e-01
1.631267822903764966e+02 2.804507280028036842e-01
1.621953398735138592e+02 2.790484743627896780e-01
1.634310461588398198e+02 2.776532319909757462e-01
1.642105888119395729e+02 2.762649658310208922e-01
1.627886710364999203e+02 2.748836410018657972e-01
1.628625915743927521e+02 2.735092227968564660e-01
1.630178643058495425e+02 2.721416766828722023e-01
1.612238053484670672e+02 2.707809682994578582e-01
1.627443325248614201e+02 2.694270634579605805e-01
1.671465840949737469e+02 2.680799281406707757e-01
1.645518056434424921e+02 2.667395284999674043e-01
1.640465775627008611e+02 2.654058308574675507e-01
1.648956913816535632e+02 2.640788017031802104e-01
1.630060847034114317e+02 2.627584076946642977e-01
1.639028696571306796e+02 2.614446156561909818e-01
1.628797022370083312e+02 2.601373925779100205e-01
1.630082660328013731e+02 2.588367056150204792e-01
1.635842368287005968e+02 2.575425220869453913e-01
1.623353135044447697e+02 2.562548094765106366e-01
1.640296965653081713e+02 2.549735354291280953e-01
1.641048019679736569e+02 2.536986677519824651e-01
1.624741354427767703e+02 2.524301744132225744e-01
1.621081606769581072e+02 2.511680235411564710e-01
1.629739720197403869e+02 2.499121834234507011e-01
1.622333568046967116e+02 2.486626225063334472e-01
1.629231379268057651e+02 2.474193093938017729e-01
1.615693702712935362e+02 2.461822128468327542e-01
1.624175230670660426e+02 2.449513017825985794e-01
1.643190105184770289e+02 2.437265452736855909e-01
1.623680490672548729e+02 2.425079125473171560e-01
1.643180773016811145e+02 2.412953729845805639e-01
1.626653428484044639e+02 2.400888961196576687e-01
1.625246747901800006e+02 2.388884516390593904e-01
1.623715234701813586e+02 2.376940093808641019e-01
1.624439352457333143e+02 2.365055393339597911e-01
1.620042767643743673e+02 2.353230116372899972e-01
1.631222818980349132e+02 2.341463965791035495e-01
1.610602529767896272e+02 2.329756645962080264e-01
1.626941970834556912e+02 2.318107862732269875e-01
1.627494050695412966e+02 2.306517323418608434e-01
1.640930357469215153e+02 2.294984736801515268e-01
1.639926579876901371e+02 2.283509813117507725e-01
1.625639402219037208e+02 2.272092264051920052e-01
1.624228105504664654e+02 2.260731802731660578e-01
1.631356050429886864e+02 2.249428143718002204e-01
1.624138512097845251e+02 2.238181002999412306e-01
1.642395015074302194e+02 2.226990097984415107e-01
1.634908781109724032e+02 2.215855147494492916e-01
1.639615651171137642e+02 2.204775871757020389e-01
1.615845555289045024e+02 2.193751992398235151e-01
1.631181294048603547e+02 2.182783232436243948e-01
1.629282475516464785e+02 2.171869316274062656e-01
1.624202614852677868e+02 2.161009969692692378e-01
1.645724106646344183e+02 2.150204919844228846e-01
1.621893673747826767e+02 2.139453895245007620e-01
1.630849517185905029e+02 2.128756625768782607e-01
1.637281129999963127e+02 2.118112842639938709e-01
1.634193747664824343e+02 2.107522278426738893e-01
1.618153064771132108e+02 2.096984667034605121e-01
1.624964517386815146e+02 2.086499743699432030e-01
1.623065981513257157e+02 2.076067244980934756e-01
1.632494252441827030e+02 2.065686908756030060e-01
1.624111255781724878e+02 2.055358474212249931e-01
1.620160502905384021e+02 2.045081681841188770e-01
1.614130290647408401e+02 2.034856273431982776e-01
1.622042617397905531e+02 2.024681992064822911e-01
1.630271061820218961e+02 2.014558582104498674e-01
1.622044957471947839e+02 2.004485789193976297e-01
1.620980909697550487e+02 1.994463360248006356e-01
1.621620456944975786e+02 1.984491043446766356e-01
1.620756005608360226e+02 1.974568588229532462e-01
1.626917150907220559e+02 1.964695745288384809e-01
1.619023710501303128e+02 1.954872266561942795e-01
1.618262976410681233e+02 1.945097905229133117e-01
1.619021718548113427e+02 1.935372415702987514e-01
1.627522645634215905e+02 1.925695553624472700e-01
1.629945685348899929e+02 1.916067075856350277e-01
1.611479922482137397e+02 1.906486740477068564e-01
1.628685904408684735e+02 1.896954306774683296e-01
1.628920816165995404e+02 1.887469535240809959e-01
1.618868243635672286e+02 1.878032187564605826e-01
1.622217347789809310e+02 1.868642026626782804e-01
1.614772511801068333e+02 1.859298816493648865e-01
1.617723524285281940e+02 1.850002322411180566e-01
1.610752791858762407e+02 1.840752310799124714e-01
1.629311637050297463e+02 1.831548549245129165e-01
1.612897396503575180e+02 1.822390806498903615e-01
1.631527054014217413e+02 1.813278852466408964e-01
1.633513503480630504e+02 1.804212458204076941e-01
1.624801884626736239e+02 1.795191395913056653e-01
1.613842229053894926e+02 1.786215438933491384e-01
1.623431068625773719e+02 1.777284361738823981e-01
1.610521453747440148e+02 1.768397939930129725e-01
1.618291035460210878e+02 1.759555950230479171e-01
1.644876949964967423e+02 1.750758170479326803e-01
1.617856545333923464e+02 1.742004379626930222e-01
1.608815013336437687e+02 1.733294357728795698e-01
1.616280499900679501e+02 1.724627885940151761e-01
1.614571236863099557e+02 1.716004746510451096e-01
1.615407968354297736e+02 1.707424722777898807e-01
1.613220293649791586e+02 1.698887599164009277e-01
1.617366309267247004e+02 1.690393161168189107e-01
1.614413772989815072e+02 1.681941195362348096e-01
1.621352544944697058e+02 1.673531489385536308e-01
1.618313718632838913e+02 1.665163831938608618e-01
1.615122030226142158e+02 1.656838012778915625e-01
1.626304003973666852e+02 1.648553822715020933e-01
1.619692656186193460e+02 1.640311053601445912e-01
1.621521852832933348e+02 1.632109498333438602e-01
1.616928388693897318e+02 1.623948950841771488e-01
1.625980363686634860e+02 1.615829206087562586e-01
1.612776110011236597e+02 1.607750060057124841e-01
1.613283671072418315e+02 1.599711309756839117e-01
1.614554130220263914e+02 1.591712753208054942e-01
1.617242051113564969e+02 1.583754189442014570e-01
1.618487438198631878e+02 1.575835418494804518e-01
1.615893015935242545e+02 1.567956241402330420e-01
1.615373679937743532e+02 1.560116460195318799e-01
1.617112411323942069e+02 1.552315877894342167e-01
1.606088781265485466e+02 1.544554298504870471e-01
1.621226015370182267e+02 1.536831527012346155e-01
1.614992146168123668e+02 1.529147369377284460e-01
1.620482601843111468e+02 1.521501632530398163e-01
1.630720570022146489e+02 1.513894124367746175e-01
1.613894165185678560e+02 1.506324653745907405e-01
1.610842545663651606e+02 1.498793030477177934e-01
1.610439959347972945e+02 1.491299065324792061e-01
1.623660456760900956e+02 1.483842569998168048e-01
1.613510926399679306e+02 1.476423357148177185e-01
1.611933088976420549e+02 1.469041240362436163e-01
1.615533987447619495e+02 1.461696034160623880e-01
1.619224071823583984e+02 1.454387553989820725e-01
1.611259880713231212e+02 1.447115616219871725e-01
1.613004432569773599e+02 1.439880038138772467e-01
1.628340026450576374e+02 1.432680637948078595e-01
1.618513441270293356e+02 1.425517234758338081e-01
1.609194642226231338e+02 1.418389648584546248e-01
1.615649806925453618e+02 1.411297700341623551e-01
1.615095022279306818e+02 1.404241211839915293e-01
1.623882255817855764e+02 1.397220005780715757e-01
1.623038082376132252e+02 1.390233905751812049e-01
1.618737434740404240e+02 1.383282736223052922e-01
1.616650851426548172e+02 1.376366322541937581e-01
1.624215087236615318e+02 1.369484490929227805e-01
1.622147842844743195e+02 1.362637068474581714e-01
1.617099609451493052e+02 1.355823883132208918e-01
1.609585881468371440e+02 1.349044763716547857e-01
1.614970184141091920e+02 1.342299539897965077e-01
1.606975587686043241e+02 1.335588042198475323e-01
1.606817320505417683e+02 1.328910101987482995e-01
1.619379133730842568e+02 1.322265551477545542e-01
1.616816285796335535e+02 1.315654223720157945e-01
1.612275196512067907e+02 1.309075952601557180e-01
1.610334335874394185e+02 1.302530572838549450e-01
1.612032906461213599e+02 1.296017919974356558e-01
1.622644684208840147e+02 1.289537830374484773e-01
1.612070339675487674e+02 1.283090141222612279e-01
1.621915171015344868e+02 1.276674690516499122e-01
1.610509279005656254e+02 1.270291317063916570e-01
1.619602880767207296e+02 1.263939860478597021e-01
1.614269735790053630e+02 1.257620161176203899e-01
1.612962904318122241e+02 1.251332060370322907e-01
1.610075492013486951e+02 1.245075400068471339e-01
1.621336762975840315e+02 1.238850023068129025e-01
1.620179686672763637e+02 1.232655772952788442e-01
1.615953684459086617e+02 1.226492494088024521e-01
1.614857935484770337e+02 1.220360031617584440e-01
1.615785921781344996e+02 1.214258231459496573e-01
1.612380114185872344e+02 1.208186940302199142e-01
1.612433768842093400e+02 1.202146005600688156e-01
1.621597555168834219e+02 1.196135275572684648e-01
1.610866275545159567e+02 1.190154599194821194e-01
1.611421771938309178e+02 1.184203826198847037e-01
1.611008999320331441e+02 1.178282807067852767e-01
1.613725933772492738e+02 1.172391393032513468e-01
1.615371564481290534e+02 1.166529436067350878e-01
1.615580331642028966e+02 1.160696788887014136e-01
1.616841174722301275e+02 1.154893304942578997e-01
1.611654602902964086e+02 1.149118838417866051e-01
1.606548340004724764e+02 1.143373244225776714e-01
1.607640460771332300e+02 1.137656378004647806e-01
1.617602998284836815e+02 1.131968096114624595e-01
1.616598198472327965e+02 1.126308255634051458e-01
1.614693724895377045e+02 1.120676714355881148e-01
1.608784069717846137e+02 1.115073330784101674e-01
1.607148402984716995e+02 1.109497964130181091e-01
1.616941895392037907e+02 1.103950474309530194e-01
1.608470991902830747e+02 1.098430721937982552e-01
1.614626069230495489e+02 1.092938568328292587e-01
1.603703024433929158e+02 1.087473875486651143e-01
1.609249576031495224e+02 1.082036506109217838e-01
1.604764766963845091e+02 1.076626323578671746e-01
1.606816533635723374e+02 1.071243191960778440e-01
1.608729203766240232e+02 1.065886976000974540e-01
1.607818924629444837e+02 1.060557541120969727e-01
1.609576812151657634e+02 1.055254753415364871e-01
1.604457717967582653e+02 1.049978479648288054e-01
1.615443650192014218e+02 1.044728587250046553e-01
1.615975599860791476e+02 1.039504944313796309e-01
1.605910581730447007e+02 1.034307419592227356e-01
1.608628970662284132e+02 1.029135882494266185e-01
1.606825460751991557e+02 1.023990203081794892e-01
1.609046789075087815e+02 1.018870252066385873e-01
1.610805987702460129e+02 1.013775900806053870e-01
1.609020057502251575e+02 1.008707021302023554e-01
1.602562903994656267e+02 1.003663486195513488e-01
1.608229476984679422e+02 9.986451687645359065e-02
1.603126696876016979e+02 9.936519429207131548e-02
1.604779375997542274e+02 9.886836832061095259e-02
1.606943400042065377e+02 9.837402647900789221e-02
1.616790412393128520e+02 9.788215634661284748e-02
1.611712261906949664e+02 9.739274556487978463e-02
1.604492195518785707e+02 9.690578183705537973e-02
1.611601389919424605e+02 9.642125292787009916e-02
1.611382775314164633e+02 9.593914666323075102e-02
1.604104496476743122e+02 9.545945092991459102e-02
1.611097615420889042e+02 9.498215367526502417e-02
1.611112016273599181e+02 9.450724290688869433e-02
1.611290092339280022e+02 9.403470669235425294e-02
1.616923957131441227e+02 9.356453315889248779e-02
1.603856498345543287e+02 9.309671049309801993e-02
1.611936836217193161e+02 9.263122694063252727e-02
1.603267431446667501e+02 9.216807080592936963e-02
1.612294711018617193e+02 9.170723045189972666e-02
1.611981679235281035e+02 9.124869429964023448e-02
1.599187498376741985e+02 9.079245082814203782e-02
1.604211671480018992e+02 9.033848857400132715e-02
1.606782747519089867e+02 8.988679613113131905e-02
1.601408747343315611e+02 8.943736215047566607e-02
1.607523358973284644e+02 8.899017533972328198e-02
1.603372099221423071e+02 8.854522446302466598e-02
1.609338441183757027e+02 8.810249834070954522e-02
1.606015559204033991e+02 8.766198584900600221e-02
1.606139693611186203e+02 8.722367591976097623e-02
1.609673526651924362e+02 8.678755754016216628e-02
1.611198632830699751e+02 8.635361975246134969e-02
1.607442632176548898e+02 8.592185165369904676e-02
1.606938132749234853e+02 8.549224239543054549e-02
1.604732047415542411e+02 8.506478118345339734e-02
1.604715625346957211e+02 8.463945727753613424e-02
1.608879016770014516e+02 8.421625999114845662e-02
1.603798056419373381e+02 8.379517869119271212e-02
1.610287438626920107e+02 8.337620279773674814e-02
1.610587135221148287e+02 8.295932178374806898e-02
1.603748279341499199e+02 8.254452517482932516e-02
1.608088850706750748e+02 8.213180254895517673e-02
1.606653092063397139e+02 8.172114353621040550e-02
1.600860632553315668e+02 8.131253781852935958e-02
1.603178976784993779e+02 8.090597512943671632e-02
1.609673436487933600e+02 8.050144525378953586e-02
1.603675567217364915e+02 8.009893802752059144e-02
1.612347663731307250e+02 7.969844333738299036e-02
1.606338043776206348e+02 7.929995112069607166e-02
1.603739779385071813e+02 7.890345136509259449e-02
1.603805458290169952e+02 7.850893410826713381e-02
1.604938583959798564e+02 7.811638943772579446e-02
1.605428635751893580e+02 7.772580749053716043e-02
1.608444833436657291e+02 7.733717845308447913e-02
1.603854565581724785e+02 7.695049256081905320e-02
1.605389936964380126e+02 7.656574009801496439e-02
1.614973966442032918e+02 7.618291139752489394e-02
1.604659748234332710e+02 7.580199684053727516e-02
1.607556529773806346e+02 7.542298685633458399e-02
1.603319020175923129e+02 7.504587192205290636e-02
1.603177119663000383e+02 7.467064256244264342e-02
1.604579018406710986e+02 7.429728934963042430e-02
1.609007918197606557e+02 7.392580290288226774e-02
1.606978455026448387e+02 7.355617388836785397e-02
1.603914688776167452e+02 7.318839301892601790e-02
1.601821623036399274e+02 7.282245105383139405e-02
1.611284834454879160e+02 7.245833879856224125e-02
1.604472009980719918e+02 7.209604710456943288e-02
1.599452396298307235e+02 7.173556686904658530e-02
1.604427561664183486e+02 7.137688903470135182e-02
1.603811793003882258e+02 7.102000458952784090e-02
1.600817503966751474e+02 7.066490456658020003e-02
1.602582141208995665e+02 7.031158004374729598e-02
1.599543240365532597e+02 6.996002214352856075e-02
1.601354643772786233e+02 6.961022203281092002e-02
1.603385186136145819e+02 6.926217092264685959e-02
1.598792475824401151e+02 6.891586006803362974e-02
1.602628794478864904e+02 6.857128076769346270e-02
1.607882613934799281e+02 6.822842436385499754e-02
1.605466859473456793e+02 6.788728224203571804e-02
1.602654789510708326e+02 6.754784583082554250e-02
1.600734320713224577e+02 6.721010660167141271e-02
1.601747710571549419e+02 6.687405606866304864e-02
1.603918137314994397e+02 6.653968578831973013e-02
1.604757699772885644e+02 6.620698735937813328e-02
1.602748220191827215e+02 6.587595242258123540e-02
1.605382132834689060e+02 6.554657266046833020e-02
1.602699651640519960e+02 6.521883979716598667e-02
1.603611207146667539e+02 6.489274559818015986e-02
1.600995752827819274e+02 6.456828187018925913e-02
1.602630966886700890e+02 6.424544046083831284e-02
1.605372167630070237e+02 6.392421325853411829e-02
1.600460165734393172e+02 6.360459219224144645e-02
1.603151423069871839e+02 6.328656923128024581e-02
1.605008134861307667e+02 6.297013638512384548e-02
1.606687652966412827e+02 6.265528570319822688e-02
1.598760447020554807e+02 6.234200927468223213e-02
1.600639419943759947e+02 6.203029922830882031e-02
1.606070825192276175e+02 6.172014773216727423e-02
1.603401833837852735e+02 6.141154699350643426e-02
1.606847643228939262e+02 6.110448925853890351e-02
1.605312715245499930e+02 6.079896681224621069e-02
1.601951569910803528e+02 6.049497197818497901e-02
1.603262171595698931e+02 6.019249711829405269e-02
1.604344944068379846e+02 5.989153463270258104e-02
1.603578087588785479e+02 5.959207695953906703e-02
1.602569886243495887e+02 5.929411657474137343e-02
1.603838570861174162e+02 5.899764599186766573e-02
1.604567023869364562e+02 5.870265776190832646e-02
1.598519064754604813e+02 5.840914447309878549e-02
1.605405619913515523e+02 5.811709875073329395e-02
1.602497075427398556e+02 5.782651325697962807e-02
1.604636919717482328e+02 5.753738069069472966e-02
1.599865273905921867e+02 5.724969378724125563e-02
1.598827762016786096e+02 5.696344531830505042e-02
1.600019089671022243e+02 5.667862809171352739e-02
1.599825635867619837e+02 5.639523495125495917e-02
1.600280721919036182e+02 5.611325877649868399e-02
1.601624792182576869e+02 5.583269248261619327e-02
1.602818799124303268e+02 5.555352902020311429e-02
1.597826015429137101e+02 5.527576137510210180e-02
1.601495359162247212e+02 5.499938256822659022e-02
1.597388651106915631e+02 5.472438565538545463e-02
1.602773995163762208e+02 5.445076372710852541e-02
1.599979130497366668e+02 5.417850990847298404e-02
1.601413412009951855e+02 5.390761735893061929e-02
1.599983288168058380e+02 5.363807927213596477e-02
1.602139767013173923e+02 5.336988887577528290e-02
1.596878319897277549e+02 5.310303943139640936e-02
1.601642459356264681e+02 5.283752423423943023e-02
1.598331427824063837e+02 5.257333661306823336e-02
1.605368341423848619e+02 5.231046993000289247e-02
1.600581757248745021e+02 5.204891758035287697e-02
1.601430907551473979e+02 5.178867299245111522e-02
1.599056671316216693e+02 5.152972962748886276e-02
1.604967100945185905e+02 5.127208097935141706e-02
1.597913625628957561e+02 5.101572057445465797e-02
1.601506138578537559e+02 5.076064197158238617e-02
1.601080350070731981e+02 5.050683876172447351e-02
1.602400232373174731e+02 5.025430456791585287e-02
1.599941960088222572e+02 5.000303304507627139e-02
1.596474045200934029e+02 4.975301787985089014e-02
1.599857867071742987e+02 4.950425279045163329e-02
1.599417845362702906e+02 4.925673152649937686e-02
1.602071772091575212e+02 4.901044786886687987e-02
1.598408443124003497e+02 4.876539562952254825e-02
1.599166339419572296e+02 4.852156865137493419e-02
1.600103249977515247e+02 4.827896080811806129e-02
1.598118216934679197e+02 4.803756600407747129e-02
1.601857955442640105e+02 4.779737817405708272e-02
1.602694363206801711e+02 4.755839128318679887e-02
1.599015078298399999e+02 4.732059932677086522e-02
1.604181416562057052e+02 4.708399633013701097e-02
1.601579594949232046e+02 4.684857634848632602e-02
1.601137452927194431e+02 4.661433346674389439e-02
1.599782710976572275e+02 4.638126179941017696e-02
1.597372971192768603e+02 4.614935549041312285e-02
1.596541945979161596e+02 4.591860871296105789e-02
1.599804251168709186e+02 4.568901566939625319e-02
1.601865155135588736e+02 4.546057059104927078e-02
1.598420530622457534e+02 4.523326773809402401e-02
1.599483536131597248e+02 4.500710139940355264e-02
1.600113531550344703e+02 4.478206589240653346e-02
1.601356821936977042e+02 4.455815556294449864e-02
1.599495595937997052e+02 4.433536478512977580e-02
1.598891203390230658e+02 4.411368796120412883e-02
1.600894105632983155e+02 4.389311952139810652e-02
1.599543773828077633e+02 4.367365392379111283e-02
1.598161214125429126e+02 4.345528565417215716e-02
1.601166246233610764e+02 4.323800922590129853e-02
1.602659471572341090e+02 4.302181917977179054e-02
1.598776028813044263e+02 4.280671008387293419e-02
1.600606498036830203e+02 4.259267653345356897e-02
1.600187585594949837e+02 4.237971315078629952e-02
1.599163839178468436e+02 4.216781458503236768e-02
1.596255231647290884e+02 4.195697551210720438e-02
1.598785174111402796e+02 4.174719063454666867e-02
1.599183715207796581e+02 4.153845468137393193e-02
1.600175278376673020e+02 4.133076240796706297e-02
1.599329880825741839e+02 4.112410859592723067e-02
1.599910800238481272e+02 4.091848805294759361e-02
1.599771940459403936e+02 4.071389561268285578e-02
1.599258346260966732e+02 4.051032613461943988e-02
1.599032348839016322e+02 4.030777450394634059e-02
1.597035868090228234e+02 4.010623563142660941e-02
1.597598297998570445e+02 3.990570445326947768e-02
1.601117139669620713e+02 3.970617593100313203e-02
1.595236421463831107e+02 3.950764505134811422e-02
1.599036064011152973e+02 3.931010682609137330e-02
1.598122793338912118e+02 3.911355629196091449e-02
1.600256028057908395e+02 3.891798851050110725e-02
1.598213347087681484e+02 3.872339856794860397e-02
1.599494220188140332e+02 3.852978157510886237e-02
1.596536079645182440e+02 3.833713266723332014e-02
1.600793025885692487e+02 3.814544700389715243e-02
1.601028667359109079e+02 3.795471976887766774e-02
1.598635289792672438e+02 3.776494617003327975e-02
1.598580454058852069e+02 3.757612143918311054e-02
1.599219489964004879e+02 3.738824083198719755e-02
1.598183519205310006e+02 3.720129962782726257e-02
1.601112456688699410e+02 3.701529312968812602e-02
1.596865390153461135e+02 3.683021666403968331e-02
1.595740198305426247e+02 3.664606558071948489e-02
1.597496920913142162e+02 3.646283525281588528e-02
1.598539768077303052e+02 3.628052107655180269e-02
1.597821172684621445e+02 3.609911847116904077e-02
1.596174756436198265e+02 3.591862287881319310e-02
1.595730120073266676e+02 3.573902976441912377e-02
1.599461315342894352e+02 3.556033461559703068e-02
1.594098060453866026e+02 3.538253294251904324e-02
1.598026650513029097e+02 3.520562027780644448e-02
1.598061014925273184e+02 3.502959217641741368e-02
1.596106335451088114e+02 3.485444421553532401e-02
1.597707828411188871e+02 3.468017199445764392e-02
1.597703720960919895e+02 3.450677113448535893e-02
1.597376061808301984e+02 3.433423727881293464e-02
1.594339411561665543e+02 3.416256609241886955e-02
1.597852052714951299e+02 3.399175326195677527e-02
1.599096459233727785e+02 3.382179449564699097e-02
1.595344311115226787e+02 3.365268552316875300e-02
1.596971451736055769e+02 3.348442209555290566e-02
1.595693864015669874e+02 3.331699998507513943e-02
1.597339273399251454e+02 3.315041498514976342e-02
1.597955250243186640e+02 3.298466291022401214e-02
1.597241012181238204e+02 3.281973959567289351e-02
1.595487406246098487e+02 3.265564089769452949e-02
1.597043456170467266e+02 3.249236269320605885e-02
1.595879244077844703e+02 3.232990087974002558e-02
1.594485654636464460e+02 3.216825137534132240e-02
1.595524355853877410e+02 3.200741011846461315e-02
1.594770289074366190e+02 3.184737306787228939e-02
1.597641228132509923e+02 3.168813620253292662e-02
1.600244760842587368e+02 3.152969552152026095e-02
1.598203218864014161e+02 3.137204704391265836e-02
1.596421853021449806e+02 3.121518680869309406e-02
1.595468112764002058e+02 3.105911087464962791e-02
1.596953073439333650e+02 3.090381532027637948e-02
1.600847642912902700e+02 3.074929624367499573e-02
1.595185340259768338e+02 3.059554976245662181e-02
1.595464988171341076e+02 3.044257201364434021e-02
1.597417580281058918e+02 3.029035915357611991e-02
1.598646006870395979e+02 3.013890735780824087e-02
1.596112691396590151e+02 2.998821282101920074e-02
1.595327109352508899e+02 2.983827175691410385e-02
1.595373120686422794e+02 2.968908039812953245e-02
1.596371567416874768e+02 2.954063499613888630e-02
1.596126873493644496e+02 2.939293182115819067e-02
1.594565119573823608e+02 2.924596716205240046e-02
1.593856045943523441e+02 2.909973732624213799e-02
1.597246297742680099e+02 2.895423863961092692e-02
1.594256953409226583e+02 2.880946744641287374e-02
1.596767903396539907e+02 2.866542010918081071e-02
1.596004759271176852e+02 2.852209300863490712e-02
1.595912588812560102e+02 2.837948254359173167e-02
1.597334228723860008e+02 2.823758513087377270e-02
1.598000490121011978e+02 2.809639720521940262e-02
1.598525755737171323e+02 2.795591521919330719e-02
1.593371380342652230e+02 2.781613564309734152e-02
1.597035496912992869e+02 2.767705496488185452e-02
1.595968218230227649e+02 2.753866969005744347e-02
1.595664809983002499e+02 2.740097634160715626e-02
1.594014784581166850e+02 2.726397145989912021e-02
1.595907378247351858e+02 2.712765160259962560e-02
1.594146318294010598e+02 2.699201334458662879e-02
1.594260027079222368e+02 2.685705327786369612e-02
1.595568719592279194e+02 2.672276801147437791e-02
1.597990455718262979e+02 2.658915417141700585e-02
1.595568512371505960e+02 2.645620840055992046e-02
1.596029772996094778e+02 2.632392735855712193e-02
1.597586885135952457e+02 2.619230772176433727e-02
1.597985741273155327e+02 2.606134618315551418e-02
1.594504969250809552e+02 2.593103945223973819e-02
1.596349290940473509e+02 2.580138425497853841e-02
1.595922410347283176e+02 2.567237733370364428e-02
1.593705087072120818e+02 2.554401544703512744e-02
1.594048881427494564e+02 2.541629536979995302e-02
1.594692152073271245e+02 2.528921389295095412e-02
1.594667578674300330e+02 2.516276782348619845e-02
1.594354065351020324e+02 2.503695398436876773e-02
1.594887473487153216e+02 2.491176921444692230e-02
1.598682845039416236e+02 2.478721036837468888e-02
1.597031265181416302e+02 2.466327431653281624e-02
1.594800401428676082e+02 2.453995794495015051e-02
1.597383473282442878e+02 2.441725815522539922e-02
1.596161970805018484e+02 2.429517186444927340e-02
1.595095929095379859e+02 2.417369600512702527e-02
1.595515635056538315e+02 2.405282752510138830e-02
1.594108114823478104e+02 2.393256338747588169e-02
1.594585863616594850e+02 2.381290057053850329e-02
1.595266856479605622e+02 2.369383606768581119e-02
1.594724788044191257e+02 2.357536688734738345e-02
1.595353896537064884e+02 2.345749005291064559e-02
1.592607365876437200e+02 2.334020260264609362e-02
1.593259984140278789e+02 2.322350158963286393e-02
1.594444467122875722e+02 2.310738408168469885e-02
1.594286749921911053e+02 2.299184716127627634e-02
1.593017224141353552e+02 2.287688792546989369e-02
1.593793797180402407e+02 2.276250348584254318e-02
1.593700011783982688e+02 2.264869096841333126e-02
1.594679700666474105e+02 2.253544751357126549e-02
1.593954774020671437e+02 2.242277027600340922e-02
1.594465389901014305e+02 2.231065642462339363e-02
1.593741237869776342e+02 2.219910314250027675e-02
1.593315992204011593e+02 2.208810762678777365e-02
1.593953522573003454e+02 2.197766708865383362e-02
1.592546963037785872e+02 2.186777875321056427e-02
1.595703135218902844e+02 2.175843985944451303e-02
1.594566049686908684e+02 2.164964766014729203e-02
1.593445185116816276e+02 2.154139942184655696e-02
1.594279131505381599e+02 2.143369242473732242e-02
1.594328936149967149e+02 2.132652396261363464e-02
1.594314608729167162e+02 2.121989134280056685e-02
1.594557561452792527e+02 2.111379188608656504e-02
1.593197577401216449e+02 2.100822292665613378e-02
1.592607635099787728e+02 2.090318181202285158e-02
1.593835413411712807e+02 2.079866590296273673e-02
1.592301622524811933e+02 2.069467257344792185e-02
1.593908371874269960e+02 2.059119921058068237e-02
1.594222427412821901e+02 2.048824321452777722e-02
1.591942718832835055e+02 2.038580199845513655e-02
1.593872209327999201e+02 2.028387298846286158e-02
1.593227905153019037e+02 2.018245362352054720e-02
1.593210849442770893e+02 2.008154135540294455e-02
1.595734975628895711e+02 1.998113364862592889e-02
1.594428921779495454e+02 1.988122798038280056e-02
1.595099814438683268e+02 1.978182184048088779e-02
1.593017054994458874e+02 1.968291273127848254e-02
1.595077866913989624e+02 1.958449816762208862e-02
1.594261949091686859e+02 1.948657567678397859e-02
1.593849515253897664e+02 1.938914279840005944e-02
1.592688655365193426e+02 1.929219708440805744e-02
1.592045096443809769e+02 1.919573609898601874e-02
1.594667319995876085e+02 1.909975741849108746e-02
1.593167704704760013e+02 1.900425863139863086e-02
1.594353980554660382e+02 1.890923733824163844e-02
1.593656623282609814e+02 1.881469115155042990e-02
1.593887675169963529e+02 1.872061769579267884e-02
1.593148441533078312e+02 1.862701460731371397e-02
1.594189592557065112e+02 1.853387953427714646e-02
1.594567543343218290e+02 1.844121013660576097e-02
1.597606666966376849e+02 1.834900408592273283e-02
1.594039070034195049e+02 1.825725906549311925e-02
1.592066496004633507e+02 1.816597277016565246e-02
1.592840661176322499e+02 1.807514290631482418e-02
1.592125111736064582e+02 1.798476719178325120e-02
1.592782049142657286e+02 1.789484335582433583e-02
1.594482135328098025e+02 1.780536913904521429e-02
1.592178483385876007e+02 1.771634229334998964e-02
1.594254373094338177e+02 1.762776058188323877e-02
1.592859035896298678e+02 1.753962177897382124e-02
1.594554413577792502e+02 1.745192367007895179e-02
1.594550901614625218e+02 1.736466405172855734e-02
1.593921119245542855e+02 1.727784073146991506e-02
1.592454349135726090e+02 1.719145152781256444e-02
1.592684334829984891e+02 1.710549427017350049e-02
1.593522167112933516e+02 1.701996679882263400e-02
1.594553156275431434e+02 1.693486696482852244e-02
1.593063813727411855e+02 1.685019263000437847e-02
1.592551453466990949e+02 1.676594166685435594e-02
1.592578463948303522e+02 1.668211195852008569e-02
1.592414946006965408e+02 1.659870139872748548e-02
1.593826798787809764e+02 1.651570789173384748e-02
1.594350196722785427e+02 1.643312935227517896e-02
1.592756776781339170e+02 1.635096370551380324e-02
1.593615867106190080e+02 1.626920888698623474e-02
1.591799597303952964e+02 1.618786284255130381e-02
1.593331998696101266e+02 1.610692352833854868e-02
1.591913001576001250e+02 1.602638891069685725e-02
1.594462984592179282e+02 1.594625696614337257e-02
1.593695103187424138e+02 1.586652568131265498e-02
1.592657206091780893e+02 1.578719305290609068e-02
1.592732968020203543e+02 1.570825708764156045e-02
1.593791880631854099e+02 1.562971580220335124e-02
1.592812629211024671e+02 1.555156722319233492e-02
1.592658226302980893e+02 1.547380938707637252e-02
1.594280979941914893e+02 1.539644034014099085e-02
1.595088049940354722e+02 1.531945813844028635e-02
1.592781083645061528e+02 1.524286084774808571e-02
1.591674460518474916e+02 1.516664654350934581e-02
1.592820740885171915e+02 1.509081331079179834e-02
1.592618053712142228e+02 1.501535924423783898e-02
1.593621804062803449e+02 1.494028244801664899e-02
1.593134618816852424e+02 1.486558103577656498e-02
1.592585940994996179e+02 1.479125313059768271e-02
1.593991703833232805e+02 1.471729686494469350e-02
1.592549284106301286e+02 1.464371038061997032e-02
1.592755360404557052e+02 1.457049182871687082e-02
1.593675494166269857e+02 1.449763936957328657e-02
1.591682724028311782e+02 1.442515117272541968e-02
1.592632710516365648e+02 1.435302541686179177e-02
1.592887794630390488e+02 1.428126028977748201e-02
1.591418875429096431e+02 1.420985398832859403e-02
1.593156364119884643e+02 1.413880471838695023e-02
1.593297064737511732e+02 1.406811069479501491e-02
1.593022980496500338e+02 1.399777014132103960e-02
1.592282998634198918e+02 1.392778129061443375e-02
1.591866884075726318e+02 1.385814238416136109e-02
1.593160994869540730e+02 1.378885167224055443e-02
1.593050547796340481e+02 1.371990741387935087e-02
1.592093996625103500e+02 1.365130787680995418e-02
1.591771733126457207e+02 1.358305133742590369e-02
1.591708455575826804e+02 1.351513608073877382e-02
1.592578477618926343e+02 1.344756040033508009e-02
1.591947732894173555e+02 1.338032259833340544e-02
1.592518751545796079e+02 1.331342098534173818e-02
1.591759400167698004e+02 1.324685388041503022e-02
1.593037058244521802e+02 1.318061961101295483e-02
1.591488850441126317e+02 1.311471651295788993e-02
1.591995421327640372e+02 1.304914293039310079e-02
1.592671599900284605e+02 1.298389721574113448e-02
1.591836935876253847e+02 1.291897772966242933e-02
1.592266232976569427e+02 1.285438284101411699e-02
1.591727644151480945e+02 1.279011092680904654e-02
1.592464155916965467e+02 1.272616037217500114e-02
1.594016278534113837e+02 1.266252957031412628e-02
1.592896337474607265e+02 1.259921692246255588e-02
1.591879505042880396e+02 1.253622083785024301e-02
1.591744727100196428e+02 1.247353973366099184e-02
1.592618712683822650e+02 1.241117203499268740e-02
1.592454935302043850e+02 1.234911617481772306e-02
1.592240508536880839e+02 1.228737059394363444e-02
1.593565725566031119e+02 1.222593374097391550e-02
1.592519048233930334e+02 1.216480407226904620e-02
1.591844112675708800e+02 1.210398005190770065e-02
1.591834010811016924e+02 1.204346015164816167e-02
1.593188014636569108e+02 1.198324285088992087e-02
1.592607793124746536e+02 1.192332663663547149e-02
1.592234095659201785e+02 1.186371000345229354e-02
1.591610401825138865e+02 1.180439145343503173e-02
1.591577257567117272e+02 1.174536949616785710e-02
1.592169895273574127e+02 1.168664264868701785e-02
1.592466355636037179e+02 1.162820943544358269e-02
1.592144620785297491e+02 1.157006838826636456e-02
1.591753995991650754e+02 1.151221804632503350e-02
1.592058518978085147e+02 1.145465695609340813e-02
1.591731122443371191e+02 1.139738367131294151e-02
1.592095714987867723e+02 1.134039675295637692e-02
1.592476958418097581e+02 1.128369476919159446e-02
1.591646674240359118e+02 1.122727629534563641e-02
1.592555070992207789e+02 1.117113991386890770e-02
1.591744938973394312e+02 1.111528421429956379e-02
1.591794715305825321e+02 1.105970779322806678e-02
1.592604575607401216e+02 1.100440925426192720e-02
1.592528587391468022e+02 1.094938720799061745e-02
1.591441135528230575e+02 1.089464027195066395e-02
1.592292222191859423e+02 1.084016707059091110e-02
1.591933379967910298e+02 1.078596623523795685e-02
1.591996986100743356e+02 1.073203640406176704e-02
1.592222558302239861e+02 1.067837622204145798e-02
1.592892335163606390e+02 1.062498434093125076e-02
1.591311660216592259e+02 1.057185941922659383e-02
1.592849857733672536e+02 1.051900012213046083e-02
1.592480973667704802e+02 1.046640512151980791e-02
1.592001876657731145e+02 1.041407309591220812e-02
1.591320450089313567e+02 1.036200273043264702e-02
1.591400890267701129e+02 1.031019271678048320e-02
1.591744912378102015e+02 1.025864175319658039e-02
1.591855529613328315e+02 1.020734854443059759e-02
1.591488874904430020e+02 1.015631180170844389e-02
1.592228337318344700e+02 1.010553024269990156e-02
1.592505490923287539e+02 1.005500259148640191e-02
1.591517322017353422e+02 1.000472757852896924e-02
1.591289652019553387e+02 9.954703940636324550e-03
